88 1 0 0 0 0 0 0 0 0 0 0 0 0 0 0 1 0.2 1 0.4 1 98 1 0.73 1 134 0 25 
49 1 0 0 0 1 0 0 0 0 0 0 0 0 0 0 1 0.6 1 0.8 1 57 1 0.7 1 81 0 25 
70 1 0 0 0 0 0 0 0 0 0 0 0 0 0 0 1 1.6 1 1 1 82 1 0.75 1 109 0 25 
83 1 0 0 0 0 0 0 0 0 0 0 0 0 0 0 1 0.8 1 1.1 1 97 1 0.8 1 121 0 25 
11 0 0 0 0 0 0 0 0 0 0 0 0 0 0 0 1 4 1 0.7 1 95 1 0.68 1 140 0 25 
50 0 0 0 0 0 0 0 0 0 0 0 0 0 0 0 1 0.1 1 1 1 78 1 0.78 1 100 0 25 
54 0 0 0 0 1 0 0 0 0 0 0 0 0 0 0 1 1.1 1 0.9 1 86 1 0.85 1 101 0 25 
73 0 0 0 0 0 0 0 0 0 0 0 0 0 0 0 1 1.8 1 0.8 1 63 1 0.76 1 83 0 25 
35 1 0 0 0 0 0 0 0 0 0 0 0 0 0 0 1 0.1 1 1.2 1 50 1 0.78 1 64 0 25 
78 0 0 0 0 0 0 0 0 0 0 0 0 0 0 0 1 0.1 1 0.7 1 72 1 0.61 1 118 0 25 
65 1 0 0 0 0 0 0 0 0 0 0 0 0 0 0 1 3.8 1 1 1 88 1 0.78 1 113 0 25 
72 1 0 1 0 0 0 0 0 1 0 0 0 0 0 0 1 4.2 1 1.1 1 74 1 0.81 1 91 0 25 
80 1 0 0 0 0 0 0 0 0 0 0 0 0 0 0 1 0.9 1 1 1 58 1 0.87 1 67 0 25 
71 0 0 0 0 0 0 0 0 0 0 0 0 0 0 0 1 0.5 1 0.7 1 71 1 0.78 1 91 0 25 
64 1 0 0 0 0 0 0 0 0 0 0 0 0 0 0 1 0.25 1 1.1 1 109 1 0.88 1 124 0 25 
72 0 0 0 0 0 0 0 0 0 0 0 0 0 0 0 1 5.5 1 0.9 1 83 1 0.92 1 90 0 25 
72 0 0 0 0 0 0 0 0 0 0 0 0 0 0 0 1 0.7 1 1 1 52 1 0.79 1 66 0 25 
56 1 0 0 0 1 0 0 0 0 0 0 0 0 0 0 1 0.7 1 0.8 1 85 1 1.12 1 76 0 25 
69 1 0 0 0 0 0 0 0 0 0 0 0 0 0 0 1 1 1 1.1 1 102 1 0.9 1 113 0 25 
42 1 0 0 0 1 0 0 0 0 0 0 0 0 0 0 1 1.1 1 0.7 1 61 1 0.74 1 82 0 25 
76 1 0 0 0 0 0 0 0 0 0 0 0 0 0 0 1 0.4 1 1.1 1 103 1 0.96 1 106 0 25 
73 0 1 0 0 0 0 0 0 1 0 0 0 0 0 0 1 0.1 1 1 1 104 1 0.76 1 137 0 25 
28 1 0 0 0 0 0 0 0 0 0 0 0 0 0 0 1 0.1 1 0.9 1 103 1 0.84 1 123 0 25 
74 1 0 0 0 0 0 0 0 0 0 0 0 0 0 0 1 5 1 0.9 1 95 1 0.78 1 122 0 25 
24 1 0 0 0 0 0 0 0 0 0 0 0 0 0 0 1 0.9 1 0.5 1 98 1 0.81 1 121 0 25 
23 1 0 0 0 1 0 0 0 0 0 0 0 0 0 0 1 0.5 1 1 1 83 1 0.77 1 108 0 25 
66 1 0 0 0 0 0 0 0 1 0 0 0 0 0 0 1 3.7 1 0.3 1 88 1 0.83 1 106 0 25 
71 1 0 0 0 0 0 0 0 0 0 0 0 0 0 0 1 0.6 1 1.1 1 101 1 1.02 1 99 0 25 
43 0 0 0 0 0 0 0 0 0 0 0 0 0 0 0 1 0.2 1 0.7 1 104 1 0.92 1 113 0 25 
66 1 0 0 0 0 0 0 0 0 0 0 0 0 0 0 1 0.7 1 1.1 1 115 1 0.84 1 137 0 25 
81 1 0 0 0 0 0 0 0 0 0 0 0 0 0 0 1 1.2 1 0.8 1 109 1 0.9 1 121 0 25 
55 0 0 0 0 0 0 0 0 0 0 0 0 0 0 0 1 1.6 1 0.9 1 79 1 0.9 1 88 0 25 
62 0 0 0 0 0 0 0 0 0 0 0 0 0 0 0 1 0.4 1 0.8 1 110 1 1.06 1 104 0 25 
71 0 0 0 0 0 0 0 0 0 0 0 0 0 0 0 1 1.2 1 0.4 1 108 1 0.95 1 114 0 25 
22 0 0 0 0 0 0 0 0 0 0 0 0 0 0 0 1 4.4 1 0.9 1 81 1 0.78 1 104 0 25 
29 0 0 0 0 0 0 0 0 0 0 0 0 0 0 0 1 1.3 1 1.1 1 83 1 0.92 1 90 0 25 
51 0 0 0 0 0 0 0 0 0 0 0 0 0 0 0 1 1.6 1 0.9 1 94 1 0.94 1 100 0 25 
75 1 0 0 0 0 0 0 0 0 0 0 0 0 0 0 1 0.4 1 1.1 1 136 1 1.02 1 133 0 25 
71 0 0 0 0 0 0 0 0 0 0 0 0 0 0 0 1 0.4 1 1.1 1 137 1 1.11 1 123 0 25 
66 0 0 0 0 0 0 0 0 0 0 0 0 0 0 0 1 5.4 1 0.3 1 70 1 0.98 1 71 0 25 
64 0 0 0 0 0 0 0 0 0 0 0 0 0 0 0 1 1 1 0.9 1 109 1 0.95 1 115 0 25 
47 0 0 0 0 0 0 0 0 0 0 0 0 0 0 0 1 0.4 1 1 1 46 1 0.81 1 57 0 25 
55 0 0 0 0 0 0 0 0 0 0 0 0 0 0 0 1 0.3 1 1 1 142 1 0.98 1 145 0 25 
77 0 0 0 0 0 0 0 0 0 0 0 0 0 0 0 1 1.2 1 0.6 1 71 1 0.68 1 104 0 25 
59 1 0 0 0 0 0 0 0 0 0 0 0 0 0 0 1 2.6 1 0.8 1 68 1 0.73 1 93 0 25 
59 0 0 0 0 0 0 0 0 0 1 0 0 0 0 0 1 0.1 1 1.1 1 70 1 0.73 1 96 0 25 
52 1 0 0 0 0 0 0 0 0 0 0 0 0 0 0 1 0.15 1 0.8 1 115 1 0.91 1 126 0 25 
70 1 0 0 0 0 0 0 0 0 0 0 0 0 0 0 1 1.6 1 0.5 1 68 1 0.75 1 90 0 25 
83 0 0 0 0 0 0 0 0 0 0 0 0 0 0 0 1 1.4 1 0.8 1 77 1 0.78 1 98 0 25 
31 1 0 0 0 0 0 0 0 0 0 0 0 0 0 0 1 0.15 1 0.4 1 94 1 0.8 1 118 0 25 
57 1 0 0 0 0 0 0 0 0 0 0 0 0 0 0 1 0.2 1 0.7 1 141 1 0.93 1 153 0 25 
74 0 0 0 0 0 0 0 0 0 0 0 0 0 0 0 1 0.6 1 0.7 1 68 1 0.77 1 89 0 25 
40 1 0 0 0 0 0 0 0 0 0 0 0 0 0 0 1 0.15 1 0.7 1 128 1 0.83 1 154 0 25 
73 0 0 0 0 0 0 0 0 0 0 0 0 0 0 0 1 0.25 1 1 1 96 1 0.89 1 108 0 25 
55 0 0 0 0 0 0 0 0 0 0 0 0 0 0 1 1 1.2 1 0.8 1 103 1 0.91 1 113 0 25 
55 0 0 0 0 0 0 0 0 0 0 0 0 0 0 1 1 0.25 1 0.9 1 108 1 0.96 1 112 0 25 
39 1 0 0 0 0 0 0 0 0 0 0 0 0 0 0 1 3.1 1 1 1 92 1 0.88 1 105 0 25 
58 1 0 0 0 0 0 0 0 0 0 0 0 0 0 0 1 1.4 1 1.1 1 114 1 0.92 1 124 0 25 
68 1 0 0 0 0 0 0 0 0 0 0 0 0 0 0 1 0.1 1 1.1 1 116 1 0.81 1 142 0 25 
69 1 0 0 0 1 0 0 0 0 0 0 0 0 0 0 1 0.1 1 0.9 1 86 1 0.98 1 88 0 25 
48 0 0 0 0 0 0 0 0 0 0 0 0 0 0 0 1 2.1 1 1 1 128 1 1.02 1 125 0 25 
77 1 1 0 0 0 0 0 0 0 1 0 0 0 0 0 1 1.7 1 0.4 1 64 1 0.8 1 79 0 25 
71 0 0 0 0 0 0 0 0 0 0 0 0 0 0 0 1 4.3 1 0.7 0 87.3618 0 0.835047 0 105.467 0 25 
76 1 0 0 0 0 0 0 0 0 0 0 0 0 0 0 1 0.25 1 1.1 1 142 1 0.96 1 148 0 25 
65 0 0 0 0 0 0 0 0 0 0 0 0 0 0 0 1 0.25 1 0.9 1 78 1 0.67 1 116 0 25 
36 0 0 0 0 0 0 0 0 0 0 0 0 0 0 0 1 0.25 1 1.1 1 131 1 0.93 1 141 0 25 
85 1 0 0 0 0 0 0 0 0 0 0 0 0 0 0 1 0.4 1 1.1 1 101 1 0.88 1 116 0 25 
78 1 0 0 0 0 0 0 0 0 0 0 0 0 0 0 1 0.15 1 0.7 1 74 1 0.74 1 100 0 25 
72 0 0 0 0 0 0 0 0 0 0 0 0 0 0 0 1 2.7 1 1 1 80 1 1.02 1 78 0 25 
71 1 0 0 0 0 0 0 0 0 0 0 0 0 0 0 1 2.6 1 1 1 87 1 0.89 1 97 0 25 
86 1 0 0 0 0 0 0 0 0 0 0 0 0 0 0 1 0.1 1 1 1 65 1 0.95 1 69 0 25 
16 0 0 0 0 0 0 0 0 0 0 0 0 0 0 0 1 0.7 1 1.1 1 99 1 0.75 1 133 0 25 
77 1 0 0 0 0 0 0 0 0 0 0 0 0 0 0 1 0.1 1 0.9 1 105 1 0.9 1 117 0 25 
53 0 0 0 0 0 0 0 0 0 0 0 0 0 0 0 1 0.1 1 1 1 83 1 0.73 1 115 0 25 
87 1 0 0 0 0 0 0 0 0 0 0 0 0 0 0 1 0.1 1 1.1 1 105 1 1.02 1 103 0 25 
80 0 0 0 0 0 0 0 0 0 0 0 0 0 0 0 1 0.1 1 1 1 141 1 0.91 1 154 0 25 
36 1 0 0 0 1 0 0 0 0 0 0 0 0 0 0 1 0.6 1 0.9 1 87 1 0.59 1 148 0 25 
80 1 0 0 0 0 0 0 0 0 0 0 0 0 0 0 1 0.4 1 1 1 101 1 1.01 1 100 0 25 
73 0 0 0 0 0 0 0 0 0 0 0 0 0 0 0 1 0.05 1 1 1 135 1 0.87 1 154 0 25 
89 0 0 0 0 0 0 0 0 0 0 0 0 0 0 0 1 1.3 1 0.9 1 82 1 0.8 1 103 0 25 
78 0 0 0 0 0 0 0 0 0 0 0 0 0 0 0 1 2.2 1 1 1 73 1 0.66 1 109 0 25 
76 1 0 0 0 0 0 0 0 0 0 0 0 0 0 1 1 0.3 1 0.9 1 80 1 0.56 1 144 0 25 
82 1 0 0 0 0 0 0 0 0 0 0 0 0 0 0 1 0.4 1 0.8 1 102 1 0.73 1 138 0 25 
37 0 0 0 0 0 0 0 0 0 0 0 0 0 0 0 1 0.15 1 1 1 61 1 0.67 1 90 0 25 
34 1 0 0 0 0 0 0 0 0 0 0 0 0 0 0 1 4 1 0.1 1 31 1 0.93 1 33 0 25 
63 0 0 0 0 0 0 0 0 0 0 0 0 0 0 0 1 1.3 1 0.6 1 75 1 0.84 1 89 0 25 
60 1 0 0 0 0 0 0 0 1 0 0 0 0 0 0 1 0.3 1 1 1 80 1 0.85 1 94 0 25 
67 1 0 0 0 0 0 0 0 0 0 0 0 0 0 0 1 1.4 1 0.8 1 89 1 0.93 1 96 0 25 
61 1 0 0 0 0 0 0 0 0 0 0 0 0 0 0 1 0.15 1 1.1 1 94 1 0.91 1 103 0 25 
67 0 1 0 0 0 0 0 0 0 0 0 0 0 0 0 1 3 1 0.9 1 63 1 0.68 1 92 0 25 
84 1 0 0 0 0 0 0 0 0 0 0 0 0 0 0 1 0.4 1 0.9 1 90 1 0.88 1 102 0 25 
53 1 1 0 0 0 0 0 0 0 0 0 0 0 0 0 1 0.15 1 1.1 1 90 1 0.74 1 121 0 25 
69 1 0 0 0 0 0 0 0 0 0 0 0 0 0 0 1 3.6 1 0.9 1 88 1 0.79 1 111 0 25 
45 1 0 0 0 0 0 0 0 0 0 0 0 0 0 0 1 1.9 1 1 1 82 1 0.73 1 112 0 25 
73 0 0 0 0 0 0 0 0 0 0 0 0 0 0 0 1 1 1 0.7 1 92 1 0.61 1 150 0 25 
46 1 0 0 0 0 0 0 0 0 0 0 0 0 0 0 1 0.5 1 0.9 1 113 1 0.79 1 142 0 25 
63 0 0 0 0 1 0 0 0 0 0 0 0 0 0 0 1 5.6 1 1.4 1 56 1 0.96 1 58 0 25 
54 1 0 0 0 0 0 0 0 0 0 0 0 0 0 0 1 1.5 1 1.1 1 74 1 0.81 1 92 0 25 
85 0 0 0 0 0 0 0 0 0 0 0 0 0 0 0 1 0.1 1 0.8 1 80 1 0.64 1 125 0 25 
73 1 0 0 0 0 0 0 0 0 0 0 0 0 0 0 1 0.15 1 1 1 100 1 0.69 1 143 0 25 
44 1 0 0 0 0 0 0 0 0 0 0 0 0 0 1 1 0.35 1 1.1 1 62 1 0.73 1 85 0 25 
80 1 0 0 0 0 0 0 0 0 0 0 0 0 0 0 1 0.25 1 1 1 86 1 0.64 1 134 0 25 
75 1 0 0 0 0 0 0 0 0 0 0 0 0 0 0 1 0.25 1 1.1 1 92 1 1.01 1 91 0 25 
37 1 0 0 0 0 0 0 0 0 0 0 0 1 0 0 1 0.25 1 0.7 1 61 1 0.72 1 84 0 25 
72 0 0 0 0 0 0 0 0 0 0 0 0 0 0 0 1 0.3 1 0.6 1 120 1 1.06 1 113 0 25 
36 0 0 0 0 0 0 0 0 0 0 0 0 0 0 0 1 0.3 1 1.1 1 69 1 0.6 1 114 0 25 
67 0 0 0 0 1 0 0 0 0 0 0 0 0 0 0 1 0.2 1 0.9 1 75 1 0.73 1 102 0 25 
65 0 0 0 0 0 0 0 0 0 0 0 0 0 0 0 1 1.2 1 0.6 1 61 1 0.59 1 105 0 25 
63 1 0 1 0 1 0 0 0 0 0 0 0 0 0 0 1 0.2 1 0.9 1 110 1 0.82 1 134 0 25 
55 0 0 0 0 0 0 0 0 0 0 0 0 0 0 0 1 2.1 1 0.8 1 75 1 0.77 1 98 0 25 
62 1 0 0 0 0 0 0 0 0 1 0 0 0 0 0 1 0.2 1 0.8 1 124 1 0.9 1 137 0 25 
29 0 0 0 0 1 0 0 0 0 0 0 0 0 0 0 1 1.3 1 0.9 1 74 1 0.71 1 104 0 25 
29 1 0 0 0 1 0 0 0 0 0 0 0 0 0 0 1 0.2 1 0.9 1 54 1 0.76 1 72 0 25 
42 1 0 0 0 0 0 0 0 0 0 0 0 0 0 0 1 3.3 1 1.7 1 56 1 0.9 1 62 0 25 
35 0 0 0 0 0 0 0 0 0 0 0 0 0 0 0 1 0.2 1 1 1 68 1 0.88 1 78 0 25 
49 1 0 0 0 0 0 0 0 0 0 0 0 0 0 0 1 0.1 1 0.3 1 32 1 0.53 1 60 0 25 
84 1 0 0 0 0 0 0 0 0 0 0 0 0 0 0 1 2.2 1 0.3 1 73 1 0.85 1 86 0 25 
66 1 0 0 0 1 0 0 0 0 0 0 0 0 0 0 1 0.1 1 0.6 1 121 1 0.85 1 143 0 25 
83 0 0 0 0 0 0 0 0 0 0 0 0 0 0 0 1 0.2 1 1.1 1 95 1 0.73 1 129 0 25 
69 1 0 0 0 0 0 0 0 0 0 0 0 0 0 0 1 0.5 1 0.8 1 87 1 0.89 1 98 0 25 
89 0 0 0 0 0 0 0 0 0 0 0 0 0 0 0 1 0.8 1 0.6 1 101 1 0.73 1 138 0 25 
58 0 0 0 0 0 0 0 0 0 0 0 0 0 0 0 1 1.1 1 0.9 1 83 1 0.78 1 106 0 25 
46 1 0 0 0 0 0 0 0 0 0 0 0 0 0 0 1 0.1 1 0.7 1 69 1 0.77 1 89 0 25 
73 1 0 0 0 0 0 0 0 0 0 0 0 0 0 0 1 0.1 1 0.6 1 113 1 0.89 1 127 0 25 
78 1 0 0 0 0 0 0 0 0 0 0 0 0 0 0 1 2.5 1 1.1 1 70 1 0.92 1 76 0 25 
66 1 0 0 0 0 0 0 0 0 0 0 0 0 0 0 1 0.15 1 0.8 1 90 1 0.77 1 117 0 25 
71 1 0 0 0 0 0 0 0 0 0 0 0 0 0 0 1 0.6 1 1 1 88 1 0.94 1 94 0 25 
74 1 0 0 0 0 0 0 0 0 0 0 0 0 0 0 1 1.6 1 0.7 1 82 1 0.88 1 93 0 25 
68 0 0 0 0 0 0 0 0 0 0 0 0 0 0 0 1 0.2 1 0.9 1 72 1 0.77 1 94 0 25 
64 0 0 0 0 0 0 0 0 0 0 0 0 0 0 0 1 1 1 0.7 1 91 1 0.83 1 110 0 25 
35 0 0 0 0 0 0 0 0 0 0 0 0 0 0 0 1 0.25 1 0.4 1 38 1 1.08 1 35 0 25 
60 1 0 0 0 0 0 0 0 0 0 0 0 0 0 0 1 0.5 1 1 1 73 1 0.82 1 89 0 25 
75 1 0 0 0 0 0 0 0 0 0 0 0 0 0 0 1 2.3 1 0.7 1 78 1 0.82 1 95 0 25 
66 1 0 0 0 0 0 0 0 0 0 0 0 0 0 0 1 0.25 1 0.6 1 110 1 0.83 1 133 0 25 
76 1 0 0 0 0 0 0 0 1 0 0 0 0 0 0 1 0.25 1 0.8 1 78 1 0.75 1 104 0 25 
76 1 0 0 0 0 0 0 0 0 0 0 0 0 0 0 1 1.7 1 0.8 1 80 1 0.77 1 104 0 25 
48 0 0 0 0 0 0 0 0 0 0 0 0 0 0 0 1 0.05 1 0.4 1 98 1 0.73 1 133 0 25 
85 0 0 0 0 0 0 0 0 0 0 0 0 0 0 0 1 0.25 1 1.1 1 132 1 0.85 1 154 0 25 
83 1 0 0 0 0 0 0 0 1 0 0 0 0 0 0 1 2.2 1 0.9 1 69 1 0.74 1 93 0 25 
75 1 0 0 0 0 0 0 0 0 0 0 0 0 0 0 1 0.8 1 0.05 1 106 1 1.14 1 93 0 25 
73 0 0 0 0 0 0 0 0 0 0 0 0 0 0 0 1 1 1 1.4 1 48 1 1.05 1 46 0 25 
73 0 0 0 0 0 0 0 0 0 0 0 0 0 0 0 1 0.5 1 0.7 1 110 1 0.93 1 118 0 25 
60 0 0 0 0 0 0 0 0 0 0 0 0 0 0 0 1 1.2 1 0.8 1 44 1 0.84 1 52 0 25 
76 0 0 0 0 0 0 0 0 1 0 0 0 0 0 0 1 0.8 1 1.1 1 94 1 0.93 1 101 0 25 
74 1 0 0 0 0 0 0 0 0 0 0 0 0 0 0 1 0.25 1 0.8 1 103 1 0.73 1 141 0 25 
21 0 0 1 0 0 0 0 0 0 0 0 0 0 1 0 1 0.25 1 1.3 1 54 1 1.07 1 51 0 25 
61 0 0 0 0 1 0 0 0 0 0 0 0 0 0 0 1 0.6 1 1 1 96 1 0.93 1 104 0 25 
74 1 0 0 0 0 0 0 0 0 0 0 0 0 0 0 1 0.65 1 0.9 1 92 1 0.71 1 129 0 25 
70 1 0 0 0 0 0 0 0 0 0 0 0 0 0 0 1 1.5 1 0.3 1 79 1 0.8 1 98 0 25 
70 1 0 0 0 0 0 0 0 0 0 0 0 0 0 0 1 3.2 1 0.9 1 84 1 0.87 1 96 0 25 
61 1 0 0 0 0 0 0 0 0 0 0 0 0 0 0 1 4.7 1 1.1 1 89 1 0.75 1 118 0 25 
35 0 0 0 0 0 0 0 0 0 0 0 0 0 0 0 1 0.26 1 1 1 57 1 0.89 1 64 0 25 
93 1 0 0 0 1 0 0 0 0 0 0 0 0 0 0 1 2.7 1 0.4 1 77 1 0.86 1 90 0 25 
55 1 0 0 0 0 0 0 0 0 0 0 0 0 0 0 1 0.81 1 0.3 1 61 1 0.54 1 113 0 25 
70 1 0 0 0 0 0 0 0 0 0 0 0 0 0 0 1 5.1 1 0.2 1 59 1 0.73 1 82 0 25 
67 1 0 0 0 1 0 0 0 0 0 0 0 0 0 0 1 1.7 1 0.7 1 79 1 0.77 1 102 0 25 
74 1 0 0 0 0 0 0 0 0 0 0 0 0 0 0 1 1.3 1 0.1 1 65 1 0.48 1 137 0 25 
82 0 0 0 0 0 0 0 0 0 0 0 0 0 0 0 1 2 1 0.4 1 58 1 0.68 1 85 0 25 
56 0 0 0 0 0 0 0 0 0 1 0 0 0 0 0 1 1.4 1 1 1 99 1 0.7 1 142 0 25 
83 0 0 0 0 0 0 0 0 0 0 0 0 0 0 0 1 2.8 1 1.1 1 66 1 0.71 1 93 0 25 
83 1 0 0 0 1 0 0 0 1 0 0 0 0 0 0 1 2.2 1 0.7 1 71 1 0.76 1 93 0 25 
64 1 0 0 0 0 0 0 0 0 0 0 0 0 0 0 1 0.09 1 1 1 101 1 0.82 1 123 0 25 
87 1 0 0 0 0 0 0 0 0 0 0 0 0 0 0 1 2.2 1 0.9 1 106 1 0.92 1 115 0 25 
60 0 0 0 0 0 0 0 0 0 0 0 0 0 0 0 1 0.91 1 1 1 102 1 0.91 1 112 0 25 
64 1 1 0 0 0 0 0 0 1 0 0 0 0 0 0 1 0.85 1 1.1 1 99 1 1.11 1 90 0 25 
64 1 0 0 0 0 0 0 0 0 0 0 0 0 0 0 1 0.035 1 1 1 103 1 0.85 1 122 0 25 
76 1 0 0 0 0 0 0 0 1 0 0 0 0 0 0 1 0.42 1 1 1 115 1 1.11 1 104 0 25 
72 0 0 0 0 0 0 0 0 0 0 0 0 1 0 0 1 0.28 1 0.9 1 79 1 0.7 1 112 0 25 
80 0 0 0 0 0 0 0 0 0 0 0 0 0 0 0 1 0.37 1 0.7 1 134 1 1.12 1 120 0 25 
59 1 0 0 0 0 0 0 0 0 0 0 0 0 0 0 1 1.4 1 1.1 1 121 1 1.11 1 109 0 25 
76 0 0 0 0 0 0 0 0 0 0 0 0 0 0 0 1 3.2 1 0.8 1 101 1 0.99 1 103 0 25 
47 1 0 0 0 0 0 0 0 0 0 0 0 0 0 0 1 2 1 1 1 130 1 0.88 1 148 0 25 
80 0 0 0 0 0 0 0 0 0 0 0 0 0 0 0 1 1.4 1 0.8 1 105 1 0.88 1 120 0 25 
72 1 0 0 0 0 0 0 0 0 0 0 0 0 0 0 1 2.3 1 0.9 1 140 0 0.835047 0 105.467 0 25 
68 0 0 0 0 0 0 0 0 0 0 0 0 1 0 0 1 4 1 1.1 1 115 1 0.9 1 128 0 25 
46 1 0 0 0 0 0 0 0 0 1 1 0 0 0 0 1 1.7 1 1.1 1 94 1 0.91 1 103 0 25 
83 1 0 0 0 0 0 0 0 0 0 0 0 0 0 0 1 0.43 1 0.4 1 92 1 0.75 1 123 0 25 
78 0 0 0 0 0 0 0 0 0 0 0 0 0 0 0 1 0.71 1 0.5 1 105 1 0.82 1 129 0 25 
39 0 0 0 0 0 0 0 0 0 0 0 0 0 0 0 1 4.4 1 1.1 1 63 1 0.8 1 78 0 25 
79 0 0 0 0 0 0 0 0 0 0 0 0 0 0 0 1 1.1 1 0.7 1 116 1 0.85 1 137 0 25 
63 1 0 0 0 0 0 0 0 0 0 0 0 0 0 0 1 3 1 0.9 1 137 1 0.95 1 144 0 25 
81 0 0 0 0 0 0 0 0 0 0 0 0 0 0 0 1 1.9 1 0.3 1 102 1 0.96 1 106 0 25 
77 1 0 0 0 0 0 0 0 0 0 0 0 0 0 0 1 3.1 1 0.9 1 105 1 0.82 1 129 0 25 
78 1 0 0 0 0 0 0 0 0 0 0 0 0 0 0 1 3.1 1 1.1 1 112 1 0.82 1 137 0 25 
78 0 0 0 0 0 0 0 0 0 0 0 0 0 0 0 1 1.5 1 0.8 1 108 1 0.81 1 133 0 25 
66 0 0 0 0 0 0 0 0 0 0 0 0 0 0 0 1 1.3 1 0.3 1 64 1 0.66 1 96 0 25 
70 1 0 0 0 0 0 0 0 1 0 0 0 0 0 0 1 1.7 1 1 1 112 1 1.02 1 110 0 25 
80 0 0 0 0 0 0 0 0 0 0 0 0 0 0 0 1 2 1 1.2 1 39 1 0.95 1 41 0 25 
75 0 0 0 0 0 0 0 0 0 0 0 0 0 0 0 1 2.4 1 0.2 1 78 1 0.56 1 139 0 25 
82 0 0 0 0 0 0 0 0 0 0 0 0 0 0 0 1 2.2 1 1 1 68 1 0.77 1 88 0 25 
66 1 0 0 0 0 0 0 0 0 0 0 0 0 0 0 1 4.5 1 0.5 1 83 1 0.77 1 108 0 25 
68 0 0 0 0 0 0 0 0 0 0 0 0 0 0 0 1 0.05 1 0.2 1 115 1 0.92 1 126 0 25 
75 0 0 0 0 0 0 0 0 0 0 0 0 0 0 0 1 0.97 1 0.6 1 80 1 0.72 1 110 0 25 
71 1 0 0 0 0 0 0 0 0 0 0 0 0 0 0 1 1.3 1 0.9 1 126 1 0.85 1 148 0 25 
36 1 0 0 0 0 0 0 0 0 0 0 0 0 0 0 1 4.7 1 2 1 19 1 1.12 1 17 0 25 
86 0 0 0 0 0 0 0 0 0 0 0 0 0 0 0 1 5.5 1 0.2 1 38 1 0.76 1 50 0 25 
60 1 0 0 0 0 0 0 0 0 0 0 0 0 0 0 1 2 1 1 1 61 1 0.77 1 80 0 25 
79 0 0 0 0 0 0 0 0 0 0 0 0 0 0 0 1 2.7 1 0.9 1 86 1 0.85 1 102 0 25 
85 1 0 0 0 0 0 0 0 0 0 0 0 0 0 0 1 1.3 1 0.9 1 111 1 1.04 1 107 0 25 
85 1 0 0 0 0 0 0 0 0 0 0 0 0 0 0 1 1 1 1.1 1 110 1 1.08 1 102 0 25 
77 0 0 0 0 0 0 0 0 0 0 0 0 0 0 0 1 1.3 1 0.5 1 54 1 0.86 1 62 0 25 
93 1 0 0 0 1 0 0 0 0 0 0 0 0 0 0 1 3 1 0.9 1 92 1 0.81 1 112 0 25 
53 0 0 0 0 0 0 0 0 1 0 0 0 0 0 0 1 0.7 0 0.834178 1 46 1 0.87 1 52 0 25 
72 1 0 0 0 0 0 0 0 1 0 0 0 0 0 0 1 2.3 1 0.8 1 90 1 0.8 1 112 0 25 
54 0 0 0 0 0 0 0 0 0 0 0 0 0 0 0 1 1.3 1 1.1 1 130 1 1.03 1 127 0 25 
54 1 0 0 0 0 0 0 0 0 0 0 0 0 0 0 1 2.5 1 0.4 1 56 1 0.68 1 83 0 25 
48 1 0 0 0 1 0 0 0 0 0 0 0 0 0 0 1 1.6 1 1 1 71 1 0.81 1 88 0 25 
74 0 0 0 0 0 0 0 0 0 0 0 0 0 0 0 1 0.61 1 0.9 1 115 1 0.75 1 153 0 25 
74 0 0 0 0 0 0 0 0 1 0 0 0 0 0 0 1 3.4 1 1 1 102 1 0.9 1 114 0 25 
78 1 0 0 0 0 0 0 0 0 0 0 0 0 0 0 1 1.3 1 0.9 1 65 1 0.88 1 74 0 25 
60 1 0 0 0 0 0 0 0 0 0 0 0 0 0 0 1 0.035 1 0.3 1 87 1 0.69 1 126 0 25 
60 0 0 0 0 0 0 0 0 0 0 0 0 0 0 0 1 4.4 1 1 1 84 1 0.69 1 121 0 25 
79 1 0 0 0 0 0 0 0 0 0 0 0 0 0 0 1 0.84 1 0.8 1 94 1 0.86 1 109 0 25 
77 1 0 0 0 0 0 0 0 0 0 0 0 0 0 0 1 2.1 1 0.8 1 99 1 0.88 1 113 0 25 
67 0 0 0 0 0 0 0 0 0 0 0 0 0 0 0 1 1.9 1 1 1 65 1 0.63 1 105 0 25 
80 1 0 0 0 0 0 0 0 0 0 0 0 0 0 0 1 1.7 1 0.8 1 101 1 0.81 1 125 0 25 
80 1 0 0 0 0 0 0 0 0 0 0 0 0 0 0 1 2.2 1 0.6 1 80 1 0.7 1 115 0 25 
72 0 0 0 0 0 0 0 0 0 0 0 0 0 0 0 1 5.4 1 1 1 75 1 0.82 1 92 0 25 
59 1 0 0 0 1 0 0 0 0 0 0 0 0 0 0 1 4.3 1 1.1 1 70 1 1 1 70 0 25 
79 1 0 0 0 1 0 0 0 0 0 0 0 0 0 0 1 1.3 1 0.9 1 102 1 0.95 1 107 0 25 
83 1 0 0 0 0 0 0 0 0 0 0 0 0 0 0 1 0.92 1 0.9 1 86 1 0.76 1 113 0 25 
61 1 0 0 0 0 0 0 0 0 0 0 0 0 0 0 1 0.04 1 0.8 1 74 1 0.75 1 99 0 25 
54 1 0 0 0 0 0 0 0 0 0 0 0 0 0 0 1 4.1 1 0.8 1 77 1 0.82 1 93 0 25 
78 1 1 0 0 0 0 0 0 1 0 0 0 0 0 0 1 2.6 1 0.3 1 87 1 0.95 1 91 0 25 
73 1 0 0 0 0 0 0 0 0 0 0 0 0 0 0 1 0.01 1 1 1 101 1 0.86 1 117 0 25 
84 0 0 0 0 1 0 0 0 0 0 0 0 0 0 0 1 0.67 1 0.9 1 70 1 0.78 1 90 0 25 
49 0 0 0 0 0 0 0 0 0 0 0 0 0 0 0 1 0.08 1 0.2 1 59 1 0.79 1 74 0 25 
23 0 0 0 0 0 0 0 0 0 0 0 0 0 0 0 1 1.7 1 1 1 115 1 0.92 1 125 0 25 
58 1 0 0 0 0 0 0 0 0 0 0 0 0 0 0 1 0.21 1 0.9 1 122 1 1.04 1 117 0 25 
49 0 0 0 0 0 0 0 0 0 0 0 0 0 0 0 1 4.9 1 0.7 1 82 1 0.79 1 104 0 25 
50 1 0 0 0 0 0 0 0 1 0 0 0 0 0 0 1 4.8 1 0.6 1 98 1 0.8 1 122 0 25 
71 1 0 0 0 0 0 0 0 0 0 0 0 0 0 0 1 1.6 1 0.3 1 73 1 0.9 1 81 0 25 
75 1 0 0 0 0 0 0 0 0 0 0 0 0 0 0 1 4.5 1 1.1 1 132 1 1.01 1 131 0 25 
82 1 0 0 0 0 0 0 0 0 0 0 0 0 0 0 0 1.66127 1 1.1 1 69 1 0.64 1 107 0 25 
55 0 0 0 0 0 0 0 0 0 0 0 0 0 0 0 1 0.6 1 1.1 1 95 1 0.97 1 98 0 25 
73 0 1 0 0 0 0 0 0 0 0 0 0 0 0 0 1 1.4 1 0.8 1 61 1 0.49 1 124 0 25 
73 0 0 0 0 1 0 0 0 0 0 0 0 0 0 0 1 3.9 1 0.9 1 62 1 0.54 1 115 0 25 
73 1 0 0 0 0 0 0 0 0 0 0 0 0 0 0 1 4.6 1 0.8 1 91 1 0.86 1 106 0 25 
48 1 0 0 0 0 0 0 0 1 0 0 0 0 0 1 1 0.77 1 1.1 1 81 1 0.86 1 95 0 25 
73 1 0 0 0 0 0 0 0 0 0 0 0 0 0 0 1 4.1 1 1 1 89 1 0.91 1 98 0 25 
79 1 0 0 0 0 0 0 0 0 0 0 0 0 0 1 1 2.3 1 0.4 1 73 1 0.6 1 122 0 25 
72 1 1 0 0 0 0 0 0 0 0 0 0 0 0 0 1 0.74 1 1 1 82 1 0.86 1 95 0 25 
63 0 0 0 0 0 0 0 0 0 0 0 0 0 0 0 1 2.4 1 1.1 1 124 1 0.85 1 145 0 25 
72 1 0 0 0 1 0 0 0 0 0 0 0 0 0 0 1 1.3 1 1 1 101 1 0.8 1 127 0 25 
70 1 0 0 0 0 0 0 0 0 0 0 0 0 0 0 1 1.5 1 0.8 1 99 1 0.79 1 126 0 25 
56 1 0 0 0 0 0 0 0 0 0 0 0 0 0 0 1 3 1 1.1 1 122 1 1.13 1 108 0 25 
57 0 0 0 0 0 0 0 0 0 0 0 0 0 0 0 1 0.75 1 0.9 1 82 1 0.62 1 133 0 25 
45 0 0 0 0 0 0 0 0 0 0 0 0 0 0 0 1 5 1 0.7 1 54 1 0.85 1 63 0 25 
72 1 0 0 0 0 0 0 0 0 0 0 0 0 0 0 1 0.05 1 0.9 1 93 1 0.97 1 97 0 25 
72 0 0 0 0 0 0 0 0 0 0 0 0 0 0 0 1 5.3 1 1 1 97 1 0.65 1 150 0 25 
45 0 0 0 0 0 0 0 0 0 0 0 0 0 0 0 1 4.8 1 0.9 1 87 1 0.78 1 112 0 25 
84 0 0 0 0 0 0 0 0 0 0 0 0 0 0 1 1 3.6 1 0.6 1 82 1 0.74 1 110 0 25 
55 0 0 0 0 0 0 0 0 0 0 0 0 0 0 0 1 1.5 1 0.4 1 52 1 0.75 1 69 0 25 
67 1 0 0 0 0 0 0 0 0 0 0 0 0 0 0 1 2.6 1 0.2 1 99 1 0.72 1 138 0 25 
44 1 0 0 0 0 0 0 0 0 0 0 0 0 0 0 1 0.41 1 0.8 1 105 1 0.82 1 127 0 25 
78 1 0 0 0 0 0 0 0 0 0 0 0 0 0 0 1 0.74 1 0.5 1 85 1 0.77 1 110 0 25 
68 0 1 0 0 0 0 0 0 0 0 0 0 0 0 0 1 1.5 1 0.8 1 98 1 0.82 1 119 0 25 
73 0 0 0 0 0 0 0 0 0 0 0 0 0 0 0 1 2.7 1 1.1 1 62 1 0.7 1 89 0 25 
71 0 0 0 0 0 0 0 0 0 0 0 0 0 0 0 1 2.3 0 0.834178 1 56 1 1.12 1 50 0 25 
54 1 0 0 0 0 0 0 0 0 0 0 0 0 0 1 1 3.3 1 0.7 1 76 1 0.72 1 105 0 25 
64 0 0 0 0 0 0 0 0 0 0 0 0 0 0 0 1 0.1 1 1 1 145 0 0.835047 0 105.467 0 25 
58 0 0 0 0 0 0 0 0 0 0 0 0 0 0 0 1 0.64 1 1 1 103 0 0.835047 0 105.467 0 25 
77 1 0 0 0 0 0 0 0 0 0 0 0 0 0 0 1 2.2 1 0.2 1 80 1 0.8 1 99 0 25 
81 1 0 0 0 0 0 0 0 0 0 0 0 0 0 0 1 1.4 1 1 1 92 1 0.99 1 93 0 25 
70 0 0 0 0 0 0 0 0 0 0 0 0 0 0 0 1 3.6 1 1 1 60 1 0.88 1 68 0 25 
62 0 0 0 0 0 0 0 0 0 0 0 0 0 0 0 1 0.72 1 0.5 1 78 1 0.95 1 82 0 25 
19 1 0 0 0 0 0 0 0 1 0 0 0 0 0 0 1 3.7 1 1.1 1 126 1 0.91 1 138 0 25 
83 0 0 0 0 0 0 0 0 0 0 0 0 0 0 0 1 2.3 1 0.9 1 56 1 0.67 1 84 0 25 
26 0 0 0 0 0 0 0 0 0 0 0 0 0 0 0 1 0.17 1 0.9 1 122 0 0.835047 0 105.467 0 25 
16 0 0 0 0 0 0 0 0 0 0 0 0 0 0 0 1 3.1 1 1.1 1 96 1 0.87 1 111 0 25 
66 0 0 0 0 0 0 0 0 1 0 0 0 0 0 0 1 0.045 1 0.3 1 72 1 0.61 1 119 0 25 
77 1 0 0 0 1 0 0 0 1 0 0 0 0 0 0 1 3.5 1 0.8 1 68 1 0.97 1 70 0 25 
44 0 0 0 0 0 0 0 0 0 0 0 1 0 0 0 1 0.89 0 0.834178 1 40 1 0.96 1 42 0 25 
57 1 0 0 0 0 0 0 0 0 1 0 0 0 0 0 1 2.6 1 0.7 1 115 0 0.835047 0 105.467 0 25 
59 0 0 0 0 0 0 0 0 1 0 0 0 0 0 0 1 5.5 1 0.7 1 77 1 0.74 1 104 0 25 
44 0 0 1 0 0 0 0 0 0 0 0 1 0 0 0 1 0.1 1 0.6 1 61 1 0.86 1 71 0 25 
45 1 0 0 0 0 0 0 0 0 0 0 0 0 0 0 1 0.97 1 1.1 1 77 1 0.86 1 89 0 25 
73 0 0 1 0 0 0 0 0 0 0 0 0 0 0 0 0 1.66127 1 0.7 1 63 1 0.88 1 72 0 25 
79 1 0 0 0 0 0 0 0 0 0 0 0 0 0 0 1 1.4 1 0.6 1 94 0 0.835047 0 105.467 0 25 
55 1 0 0 0 0 0 0 0 0 0 0 0 0 0 0 1 0.13 1 1 1 102 1 0.82 1 124 0 25 
70 0 0 0 0 1 0 0 0 0 0 0 0 0 0 0 1 1.1 1 0.9 1 94 1 0.91 1 103 0 25 
68 1 0 0 0 0 0 0 0 0 0 0 0 0 0 0 1 3.9 1 1 1 104 1 0.75 1 137 0 25 
23 1 0 0 0 0 0 0 0 0 0 0 0 0 0 0 1 2.6 1 1.1 1 104 1 1.05 1 99 0 25 
79 1 0 0 0 0 0 0 0 0 1 0 0 0 0 0 1 4.2 1 1.1 1 78 1 0.97 1 81 0 25 
53 1 0 0 1 0 0 0 0 0 0 0 0 0 0 0 1 0.12 0 0.834178 1 47 1 0.93 1 50 0 25 
81 0 0 0 0 0 0 0 0 0 0 0 0 0 0 0 1 3 1 0.7 1 69 0 0.835047 0 105.467 0 25 
66 1 0 0 0 0 0 0 0 0 0 0 0 0 0 0 1 1.9 1 0.6 1 86 1 0.87 1 100 0 25 
61 0 0 0 0 0 0 0 0 0 0 0 0 0 0 0 1 1.6 1 1.1 1 113 1 1.13 1 100 0 25 
53 1 0 0 0 0 0 0 0 0 0 0 0 0 0 0 1 0.33 1 0.4 1 83 1 0.54 1 154 0 25 
53 1 0 0 0 0 0 0 0 0 0 0 0 0 0 0 1 0.36 1 0.4 1 82 1 0.59 1 140 0 25 
82 1 1 0 0 0 0 0 0 1 0 0 0 0 0 0 1 0.59 1 0.9 1 111 0 0.835047 0 105.467 0 25 
57 1 0 0 0 0 0 0 0 0 0 0 0 0 0 0 1 3.1 1 1 1 128 1 1.07 1 119 0 25 
39 0 0 0 0 0 0 0 0 0 0 0 0 0 0 0 1 1.7 1 0.5 1 77 1 1.1 1 70 0 25 
59 0 0 0 0 0 0 0 0 0 0 0 0 0 0 0 1 2.3 1 0.8 1 99 1 1.08 1 92 0 25 
76 1 0 0 0 0 0 0 0 1 0 0 0 0 0 0 1 0.76 1 0.8 1 96 1 0.86 1 111 0 25 
95 1 0 0 0 0 0 0 0 0 0 0 0 0 0 0 1 0.96 1 0.8 1 103 1 0.89 1 116 0 25 
70 0 0 0 0 1 0 0 0 0 0 0 0 0 0 0 1 1.4 1 1 1 77 1 0.72 1 107 0 25 
44 1 0 0 0 0 0 0 0 0 0 0 0 0 0 0 1 1.9 1 0.9 1 125 1 1.06 1 119 0 25 
82 0 0 0 0 0 0 0 0 0 0 0 0 0 0 0 1 1.6 0 0.834178 1 46 1 0.88 1 52 0 25 
85 1 0 0 0 1 0 0 0 0 0 0 0 0 0 0 1 0.55 0 0.834178 1 24 1 1.11 1 22 0 25 
72 0 0 1 0 0 0 0 0 0 0 0 0 0 0 0 1 1.1 1 1 1 53 1 0.61 1 87 0 25 
85 0 0 0 0 0 0 0 0 0 0 0 0 0 0 0 1 1.4 1 0.6 1 124 1 0.96 1 129 0 25 
60 0 0 0 0 0 0 0 0 0 0 0 0 0 0 0 1 1.8 1 0.7 1 76 1 0.75 1 102 0 25 
56 1 0 0 0 0 0 0 0 0 0 1 0 0 0 0 1 1.8 1 1 1 112 1 0.98 1 113 0 25 
57 0 0 0 0 0 0 0 0 0 0 0 0 0 0 0 1 0.55 1 1.1 1 95 1 0.79 1 120 0 25 
70 1 0 0 0 0 0 0 0 0 0 0 0 0 0 0 1 2.7 1 1 1 67 1 0.96 1 70 0 25 
71 0 0 0 0 0 0 0 0 0 0 0 0 0 0 0 1 0.55 1 1.1 1 91 1 0.86 1 105 0 25 
76 1 0 0 0 0 0 0 0 0 0 0 0 0 0 0 1 0.04 1 0.9 1 100 1 1.01 1 100 0 25 
43 1 0 0 0 0 0 0 0 0 0 0 0 0 0 0 1 2.1 1 0.6 1 87 1 0.87 1 100 0 25 
53 1 0 0 0 0 0 0 0 0 0 0 0 0 0 0 1 0.04 1 1 1 65 1 0.6 1 108 0 25 
13 1 0 0 0 0 0 0 0 0 0 0 0 0 0 0 1 5 1 1 1 103 1 0.72 1 142 0 25 
73 1 0 0 0 0 0 0 0 0 0 1 0 0 0 0 1 3.3 1 0.9 1 90 1 0.88 1 102 0 25 
74 1 0 1 0 0 0 0 0 0 0 0 0 0 0 0 1 0.3 1 0.9 1 104 1 0.78 1 133 0 25 
29 1 0 0 0 0 0 0 0 0 0 0 0 0 0 0 1 0.45 1 0.6 1 79 1 0.54 1 148 0 25 
70 1 0 0 0 0 0 0 0 0 0 0 0 0 0 0 1 1.3 1 0.05 1 20 1 0.65 1 31 0 25 
19 0 0 0 0 0 0 0 0 0 0 0 0 0 0 0 1 1.5 1 1.1 1 105 1 0.81 1 129 0 25 
63 0 0 0 0 0 0 0 0 0 0 0 0 0 0 0 1 3.1 0 0.834178 1 55 1 0.9 1 62 0 25 
78 1 0 0 0 0 0 0 0 0 0 0 0 0 0 0 1 3.2 1 1.1 1 126 1 0.89 1 142 0 25 
37 0 0 0 0 0 0 0 0 0 0 0 0 0 0 0 1 0.61 1 1.1 1 73 1 0.79 1 93 0 25 
61 1 0 0 0 0 0 0 0 0 0 0 0 0 0 0 1 1.2 1 0.9 1 97 1 0.93 1 104 0 25 
74 1 0 0 0 0 0 0 0 0 0 0 0 0 0 0 1 2.1 1 0.7 1 89 1 0.72 1 123 0 25 
53 1 0 0 0 0 0 0 0 0 0 0 0 0 0 0 1 1 1 0.9 1 93 1 0.85 1 109 0 25 
52 1 0 0 0 0 0 0 0 0 0 0 0 0 0 0 1 4.6 1 0.9 1 105 1 0.72 1 145 0 25 
78 0 0 0 0 0 0 0 0 0 0 0 0 0 0 0 1 0.5 1 0.3 1 57 1 1.1 1 52 0 25 
60 0 0 0 0 0 0 0 0 0 0 0 0 0 0 1 1 0.9 1 1 1 141 1 1.02 1 138 0 25 
73 1 0 0 0 0 0 0 0 0 0 0 0 0 0 0 1 1.7 1 0.7 1 82 1 0.95 1 86 0 25 
80 0 0 0 0 0 0 0 0 0 0 0 0 0 0 0 1 0.91 1 0.7 1 99 1 0.94 1 105 0 25 
52 0 0 0 0 0 0 0 0 0 0 0 0 0 0 1 1 5.3 1 1.1 1 98 1 0.92 1 107 0 25 
71 0 0 0 0 0 0 0 0 0 0 0 0 0 0 0 1 1.1 1 0.5 1 93 1 0.75 1 124 0 25 
77 1 0 0 0 0 0 0 0 0 0 0 0 0 0 0 1 1.8 1 1.1 1 131 1 1.04 1 126 1 25 
32 1 0 0 0 0 0 0 0 0 0 0 0 0 0 0 1 0.09 1 0.6 1 91 1 0.68 1 134 0 25 
94 1 0 0 0 0 0 0 0 0 0 0 0 0 0 0 1 3.4 1 0.9 1 106 1 1.14 1 93 0 25 
69 1 0 0 0 0 0 0 0 0 0 0 0 0 0 0 1 0.21 1 0.9 1 93 1 0.87 1 107 0 25 
37 0 0 0 0 0 0 0 0 0 0 0 0 0 0 1 1 0.125 1 0.7 1 53 0 0.835047 0 105.467 0 25 
58 0 0 0 0 0 0 0 0 0 0 0 0 0 0 0 1 1.7 1 1.1 1 105 1 0.87 1 121 0 25 
60 0 0 0 0 0 0 0 0 0 0 0 0 0 0 0 1 0.55 1 0.3 1 33 1 0.64 1 52 0 25 
19 0 0 0 0 0 0 0 0 0 0 0 0 0 0 1 1 0.35 1 0.8 1 70 1 0.83 1 84 0 25 
67 0 0 0 0 0 0 0 0 0 0 0 0 0 0 0 1 2.6 1 0.4 1 80 1 0.57 1 140 0 25 
86 1 0 0 0 0 0 0 0 0 0 0 0 0 0 0 1 6 1 0.7 1 58 1 0.67 1 87 0 25 
38 1 0 0 0 0 0 0 0 0 0 1 0 0 0 0 1 1.7 1 1.1 1 64 1 0.76 1 84 0 25 
69 0 0 1 0 0 0 0 0 0 0 0 0 0 0 0 1 1.4 1 0.1 1 54 1 0.71 1 76 0 25 
72 1 0 0 0 1 0 0 0 0 0 0 0 0 0 0 1 4.9 1 0.9 1 99 1 0.78 1 127 0 25 
72 1 0 0 0 0 0 0 0 0 0 0 0 0 0 0 1 4.1 1 0.3 1 100 1 0.87 1 115 0 25 
70 0 0 0 0 0 0 0 0 0 1 0 0 0 0 0 1 3.2 1 1 1 85 1 0.59 1 144 0 25 
72 1 0 0 0 0 0 0 0 0 0 0 0 0 0 0 1 2.4 1 0.8 1 84 1 0.82 1 102 0 25 
86 1 0 0 0 0 0 0 0 0 0 0 0 0 0 0 1 3.4 1 0.7 1 97 1 0.85 1 114 0 25 
86 1 0 0 0 0 0 0 0 0 0 0 0 0 0 0 1 2.2 1 0.7 1 105 1 0.71 1 148 0 25 
71 0 0 0 0 0 0 0 0 0 0 0 0 0 0 0 1 4.5 1 1 1 85 1 0.79 1 107 0 25 
76 1 0 0 0 0 0 0 0 1 0 0 0 0 0 0 1 4.9 1 1 1 122 1 1.1 1 111 0 25 
42 1 0 0 0 0 0 0 0 0 0 0 0 0 0 0 1 3.5 1 1.1 1 60 1 0.9 1 67 0 25 
78 0 0 0 0 0 0 0 0 0 0 0 0 0 0 0 1 4.5 1 0.9 1 69 1 0.74 1 93 0 25 
48 0 0 0 0 0 0 0 0 0 0 0 0 0 0 0 1 4.4 1 0.6 1 65 1 0.66 1 98 0 25 
79 0 0 0 0 0 0 0 0 0 0 0 0 0 0 0 1 3.7 1 1 1 81 1 0.82 1 99 0 25 
62 0 0 0 0 0 0 0 0 0 0 0 0 0 0 0 1 0.88 1 1 1 90 1 0.67 1 134 0 25 
26 0 0 0 0 0 0 0 0 0 0 0 0 0 0 0 1 2 1 1.8 1 59 1 1 1 59 0 25 
75 0 0 0 0 0 0 0 0 0 0 0 0 0 0 0 1 1.4 1 0.9 1 94 1 0.74 1 127 0 25 
79 1 0 0 0 0 0 0 0 0 0 0 0 0 0 0 1 0.81 1 1.1 1 106 1 0.81 1 131 0 25 
21 0 0 0 0 0 0 0 0 0 0 0 0 0 0 0 1 0.9 1 0.8 1 77 0 0.835047 0 105.467 0 25 
81 1 1 0 0 0 0 0 0 1 0 0 0 0 0 0 1 0.6 1 0.6 1 123 1 0.91 1 135 0 25 
72 1 0 0 0 0 0 0 0 0 0 0 0 0 0 0 1 1.3 1 0.8 1 108 1 0.82 1 132 0 25 
83 0 0 0 0 0 0 0 0 0 0 0 0 0 0 0 1 0.78 1 0.8 1 102 1 0.8 1 128 0 25 
86 1 0 0 0 0 0 0 0 0 0 0 0 0 0 0 1 0.12 1 0.9 1 119 1 0.91 1 131 0 25 
82 1 0 0 0 0 0 0 0 0 0 0 0 0 0 0 1 1.6 1 0.5 1 100 1 0.96 1 104 0 25 
80 0 0 0 0 0 0 0 0 0 0 0 0 0 0 0 1 2.6 1 0.5 1 76 1 0.59 1 129 0 25 
65 1 0 0 0 0 0 0 0 0 0 0 0 0 0 0 1 1.7 1 0.3 1 70 1 0.61 1 115 0 25 
28 1 0 0 0 1 0 0 0 0 0 0 0 0 0 0 1 2.5 1 0.7 1 87 1 1.08 1 81 0 25 
66 0 0 0 0 0 0 0 0 0 0 0 0 0 0 0 1 1.2 1 0.6 1 78 1 0.84 1 93 0 25 
54 1 0 0 0 0 0 0 0 0 0 0 0 1 0 0 1 1.4 1 2.5 1 56 1 0.9 1 62 0 25 
84 0 0 0 0 0 0 0 0 0 0 0 0 0 0 0 1 3.2 1 1 1 81 1 0.73 1 111 0 25 
71 1 0 0 0 0 0 0 0 0 0 0 0 0 0 0 1 0.28 1 0.5 1 109 1 0.77 1 142 0 25 
28 1 0 0 0 1 0 0 0 0 0 0 0 0 0 0 1 2.2 1 1.1 1 89 1 0.93 1 96 0 25 
88 1 0 0 0 0 0 0 0 0 0 0 0 0 0 0 1 0.49 1 0.9 1 110 1 0.87 1 126 0 25 
72 1 0 0 0 0 0 0 0 0 0 0 0 0 0 0 1 1.1 1 0.3 1 85 1 0.61 1 139 0 25 
72 1 0 0 0 0 0 0 0 0 0 0 0 0 0 0 1 1.2 1 0.5 1 79 1 0.63 1 126 0 25 
78 1 0 0 0 0 0 0 0 0 0 0 0 0 0 0 1 3 1 0.5 1 104 1 1.05 1 99 0 25 
74 1 0 0 0 0 0 0 0 0 0 0 0 0 0 0 1 0.59 1 1 1 90 1 0.77 1 117 0 25 
79 1 0 0 0 1 0 0 0 0 0 0 0 0 0 0 1 3.9 1 0.9 1 90 1 0.62 1 145 0 25 
87 1 0 0 0 0 0 0 0 0 0 0 0 0 0 0 1 3.3 1 1.1 1 64 1 0.55 1 116 0 25 
67 0 0 0 0 0 0 0 0 0 0 0 0 0 0 0 1 3.2 1 0.9 1 92 1 0.87 1 106 0 25 
80 1 0 0 0 0 0 0 0 1 0 0 0 0 0 0 1 5.3 1 1.1 1 97 1 0.87 1 112 0 25 
68 1 0 0 0 0 0 0 0 0 0 0 0 0 0 0 1 0.32 1 0.8 1 82 1 0.63 1 130 0 25 
72 1 0 0 0 0 0 0 0 0 0 0 0 0 0 0 1 2.6 0 0.834178 1 24 1 0.56 1 43 0 25 
55 0 0 0 0 0 0 0 0 0 0 0 0 0 0 0 1 2.8 1 0.9 1 122 1 0.9 1 136 0 25 
34 1 0 0 0 0 0 0 0 0 0 1 0 0 0 1 1 5.8 1 1.1 1 47 1 0.99 1 48 0 25 
74 0 0 0 0 0 0 0 0 0 0 0 0 0 0 0 1 1.2 1 0.9 1 99 1 0.99 1 100 0 25 
77 1 0 0 0 0 0 0 0 0 0 0 0 0 0 0 1 1.7 1 0.7 1 87 1 0.81 1 107 0 25 
68 1 1 0 0 0 0 0 0 0 0 0 0 0 0 0 1 1.5 1 0.9 1 76 1 0.63 1 121 0 25 
52 1 0 0 0 0 0 0 0 0 0 0 0 0 0 0 1 0.4 1 1.1 1 132 1 0.93 1 142 0 25 
72 1 0 0 0 0 0 0 0 0 0 0 0 0 0 0 1 4.9 1 0.5 1 35 1 0.85 1 41 0 25 
65 0 0 0 0 0 0 0 0 0 0 0 0 0 0 0 1 0.75 1 1.1 1 78 1 0.71 1 110 0 25 
46 1 0 0 0 0 0 0 0 1 0 0 0 0 0 0 1 2.6 1 0.8 1 97 1 0.89 1 109 0 25 
90 1 0 0 0 0 0 0 0 0 0 0 0 0 0 0 1 4.5 1 0.1 1 28 1 0.79 1 35 0 25 
92 1 0 0 0 0 0 0 0 0 0 0 0 0 0 0 1 0.14 1 0.9 1 92 1 0.91 1 101 0 25 
95 0 0 0 0 0 0 0 0 0 0 0 0 0 0 0 1 4.4 1 0.4 1 54 1 0.62 1 87 0 25 
86 1 0 0 0 0 0 0 0 0 1 0 0 0 0 0 1 1.6 1 0.4 1 76 1 1.06 1 72 0 25 
46 0 0 0 0 1 0 0 0 0 0 0 0 0 0 0 1 2 1 0.9 1 102 1 0.94 1 109 0 25 
59 0 0 0 0 0 0 0 0 0 0 0 0 0 0 0 1 3.3 1 1 1 92 1 0.9 1 102 0 25 
70 1 0 0 0 0 0 0 0 0 0 0 0 0 0 0 1 1.8 1 1.1 1 91 1 0.79 1 115 0 25 
46 0 0 0 0 0 0 0 0 0 0 0 0 0 0 0 1 3.2 1 1.1 1 123 1 0.94 1 131 0 25 
88 1 0 0 0 0 0 0 0 0 0 0 0 0 0 0 1 1.5 1 0.8 0 87.3618 0 0.835047 0 105.467 0 25 
70 0 0 0 0 0 0 0 0 0 0 0 0 0 0 0 1 0.27 1 0.7 1 117 1 0.84 1 139 0 25 
82 1 0 0 0 0 0 0 0 0 0 0 0 0 0 0 1 1.6 1 0.83 1 104 1 0.77 1 135 0 25 
55 0 0 0 0 0 0 0 0 0 0 0 0 0 0 0 1 1.8 1 0.93 1 89 1 0.66 1 135 0 25 
50 1 0 0 0 0 0 0 0 0 1 0 0 0 0 0 1 0.5 1 0.8 1 123 1 1.17 1 105 0 25 
75 0 0 0 0 0 0 0 0 0 0 0 0 0 0 0 1 1.5 1 0.5 1 53 1 1.25 1 42 0 25 
84 1 0 0 0 1 0 0 0 0 0 0 0 0 0 0 1 2.8 1 0.2 1 94 1 0.81 1 116 0 25 
79 1 0 0 0 1 0 0 0 0 0 0 0 0 0 0 1 4.8 1 0.7 1 77 0 0.835047 0 105.467 0 25 
76 1 0 0 0 0 0 0 0 0 0 0 0 0 0 0 1 0.48 1 0.8 1 62 1 0.76 1 82 0 25 
57 1 1 0 0 0 0 0 0 0 0 0 0 0 0 0 1 2.3 1 0.1 1 56 1 0.78 1 72 0 25 
78 0 0 0 0 1 0 0 0 0 0 0 0 0 0 0 1 1.6 1 1 1 86 1 0.79 1 109 0 25 
62 1 1 0 0 0 0 0 0 0 0 0 0 1 0 0 1 0.18 1 0.2 1 94 1 0.79 1 119 0 25 
61 1 0 0 0 0 0 0 0 0 0 0 0 1 0 0 0 1.66127 1 0.9 1 63 1 0.65 1 97 0 25 
70 0 1 0 0 0 0 0 0 1 0 0 0 0 0 0 1 2.9 1 1.1 1 94 1 0.62 1 152 0 25 
47 1 0 0 0 0 0 0 0 1 0 0 0 0 0 0 1 0.75 1 1 1 141 1 0.95 1 148 0 25 
78 1 0 0 0 0 0 0 0 0 0 0 0 0 0 0 1 1.6 1 0.9 1 102 1 0.71 1 144 0 25 
79 1 0 0 0 1 0 0 0 0 0 0 0 0 0 0 1 2.9 1 0.8 1 74 1 0.72 1 103 0 25 
78 1 0 0 0 0 0 0 0 1 0 0 0 0 0 0 1 1 1 1 1 102 1 0.69 1 148 0 25 
79 1 0 0 0 0 0 0 0 1 0 0 0 0 0 0 1 3.3 1 0.8 1 83 1 0.67 1 124 0 25 
82 1 0 0 0 0 0 0 0 0 1 0 0 0 0 0 1 0.93 1 1.1 1 77 0 0.835047 0 105.467 0 25 
69 0 0 0 0 0 0 0 0 0 0 0 0 0 0 0 1 1.6 1 0.8 1 44 1 1.15 1 38 0 25 
84 1 0 0 0 1 0 0 0 0 0 0 0 0 0 0 1 0.41 1 1.1 1 148 1 1.09 1 136 0 25 
80 1 0 0 0 0 0 0 0 0 1 0 0 0 0 0 1 0.55 1 0.4 1 90 1 0.71 1 127 0 25 
22 0 0 0 0 0 0 0 0 0 0 0 0 0 0 0 1 2.6 1 1.1 1 119 1 0.88 1 135 0 25 
82 1 0 0 0 1 0 0 0 0 0 0 0 0 0 0 1 0.59 1 0.9 1 96 1 0.76 1 126 0 25 
69 0 0 0 0 0 0 0 0 1 0 0 0 0 0 0 1 0.44 1 1.1 1 66 1 1 1 66 0 25 
94 1 0 0 0 0 0 0 0 0 0 0 0 0 0 0 1 0.99 1 0.9 1 109 1 0.92 1 119 0 25 
80 0 0 0 0 0 0 0 0 0 0 0 0 0 0 0 1 1.2 1 1.1 1 88 1 0.83 1 106 0 25 
69 0 0 0 0 0 0 0 0 0 0 0 0 0 0 0 1 0.26 1 1.1 1 99 1 1.23 1 81 0 25 
51 1 0 0 0 0 0 0 0 1 0 0 0 0 0 0 1 1.4 1 1.5 1 37 1 0.71 1 52 0 25 
69 0 0 0 0 0 0 0 0 0 0 0 1 0 0 0 1 0.16 1 1 1 106 1 1.24 1 86 0 25 
70 0 0 0 0 0 0 0 0 0 0 0 0 0 0 0 1 2.1 1 0.7 1 81 1 0.57 1 142 0 25 
64 0 0 0 0 0 0 0 0 0 0 0 0 0 0 0 1 0.81 0 0.834178 1 31 1 0.55 1 56 0 25 
60 0 0 0 1 0 0 0 0 0 0 0 0 0 0 0 1 0.18 0 0.834178 1 28 1 0.87 1 32 0 25 
