8 0 0 0 0 0 0 0 0 0 0 0 0 0 0 0 0 0.839667 0 4.70616 1 308 1 0.87 1 354 0 24 1

58 1 0 0 0 0 0 0 0 0 0 0 0 0 0 0 0 0.839667 1 7.6 1 250 1 0.79 1 316 0 24 1


72 1 0 0 0 0 0 0 0 0 0 0 0 0 0 0 1 0.1 1 8.6 1 359 1 0.74 1 485 0 24 1

46 0 0 0 0 0 0 0 0 0 0 0 0 0 0 0 1 8.2 1 3.8 1 124 1 0.29 1 428 0 24 1

34 1 0 0 0 0 0 0 0 0 0 0 0 0 0 0 0 0.839667 1 7.6 1 302 0 0.9225 0 225.722 0 24 1

58 1 0 0 1 0 0 0 0 0 0 0 0 0 0 0 1 0.15 1 3 1 148 1 0.91 1 163 0 24 1

34 0 0 0 0 0 0 0 0 0 1 0 0 0 0 0 1 0.05 1 7.6 1 261 1 1.01 1 258 0 24 1

62 0 0 0 0 0 0 0 0 0 0 0 0 0 0 0 0 0.839667 0 4.70616 1 260 1 0.31 1 839 0 24 1

62 0 0 0 0 0 0 0 0 0 0 0 0 0 0 0 0 0.839667 0 4.70616 1 113 1 0.34 1 332 0 24 1

72 1 0 0 0 0 0 0 0 0 1 0 0 0 0 0 1 0.1 1 4.3 1 230 1 0.77 1 299 0 24 1

63 0 0 0 0 0 0 0 0 0 0 0 0 0 0 0 0 0.839667 0 4.70616 1 135 1 0.64 1 211 0 24 1

14 1 0 0 0 0 0 0 0 0 1 0 0 0 0 0 0 0.839667 0 4.70616 1 155 1 0.93 1 166 1 25 1

23 1 0 0 0 0 1 0 0 0 0 0 0 1 0 0 1 0.1 1 2.8 1 201 1 1.14 1 176 0 24 1

26 1 0 0 0 0 0 0 0 0 1 0 0 0 0 0 0 0.839667 0 4.70616 1 212 1 0.82 1 257 0 24 1

72 1 0 0 0 0 0 0 0 0 1 0 0 0 0 0 1 0.1 1 3.2 1 333 1 0.74 1 450 0 24 1

35 0 0 0 0 0 0 0 0 0 1 0 0 0 0 0 1 0.25 1 4.6 1 275 1 1.06 1 259 0 24 1

23 1 0 0 0 0 0 0 0 0 0 0 0 0 0 0 1 0.25 1 3.3 1 247 1 0.93 1 265 0 24 1

56 1 0 0 0 0 0 0 0 0 0 0 0 0 0 0 1 0.25 1 3.2 1 268 1 1.01 1 266 0 24 1

62 0 0 0 0 0 0 0 0 0 0 0 0 0 0 0 0 0.839667 0 4.70616 1 97 1 0.28 1 347 0 24 1

59 0 0 0 1 0 0 0 0 0 0 0 0 0 0 0 1 0.15 1 4.9 1 116 1 0.94 1 123 0 24 1

25 0 0 0 0 0 0 0 0 0 1 0 0 0 0 0 1 0.1 1 3.3 1 164 1 0.95 1 172 0 24 1

82 1 0 0 0 0 0 0 0 0 0 0 0 0 0 0 1 0.1 1 4.3 1 147 1 1.06 1 139 0 24 1

41 0 0 0 0 0 0 0 0 0 0 0 0 0 0 0 1 0.1 1 6.2 1 207 1 0.89 1 232 0 24 1

59 1 0 0 0 0 0 0 0 0 0 0 0 0 0 0 0 0.839667 0 4.70616 1 160 1 0.85 1 188 0 24 1

57 0 0 0 0 0 0 0 0 0 0 0 0 0 0 0 1 0.05 1 3.7 1 244 1 0.95 1 256 0 24 1

28 1 0 0 0 0 0 0 0 0 0 0 0 0 0 0 1 0.1 1 3 1 235 1 1.38 1 171 0 24 1

24 1 0 0 0 0 0 0 0 0 1 0 0 0 0 0 1 0.1 1 3 1 131 1 1.23 1 107 0 24 1

57 1 0 0 0 0 0 0 1 0 0 0 0 0 0 0 1 0.1 1 6.6 1 190 1 0.86 1 222 0 24 1

29 1 0 0 0 0 0 0 0 0 1 0 0 0 0 0 0 0.839667 1 3.9 1 148 1 1.44 1 103 0 24 1

42 0 0 0 0 0 0 0 0 0 0 0 0 0 0 0 1 8.1 1 3.5 1 134 1 0.28 1 482 0 24 1

59 0 0 0 0 0 0 0 0 0 0 0 0 0 0 0 1 24 1 8.9 1 218 1 0.83 1 264 0 24 1

31 1 0 0 0 0 0 0 0 0 1 0 0 0 0 0 0 0.839667 1 3 1 169 1 0.96 1 176 0 24 1

34 1 0 0 0 0 0 0 0 0 1 0 0 0 0 0 0 0.839667 1 3.5 1 120 1 0.78 1 154 0 24 1

59 0 0 0 0 0 0 0 0 0 1 0 0 0 0 0 0 0.839667 1 3.1 1 198 1 0.59 1 334 0 24 1

24 0 0 0 0 0 0 0 0 0 1 0 0 0 0 0 1 0.3 1 3.8 1 54 0 0.9225 0 225.722 0 24 1

19 1 0 0 0 0 0 0 0 0 1 0 0 0 0 0 1 0.3 1 7.6 1 221 1 0.86 1 256 0 24 1

48 1 0 0 0 0 0 0 0 0 1 0 0 0 0 0 1 0.3 1 8.9 1 212 1 0.88 1 240 0 24 1

38 0 0 0 0 0 0 0 0 0 0 0 0 0 0 0 1 9.6 1 4.8 1 168 1 0.28 1 612 0 24 1

38 0 0 0 0 0 0 0 0 0 0 0 0 0 0 0 1 7.9 1 4.7 1 123 1 0.28 1 445 0 24 1

31 1 0 0 0 0 1 0 0 0 0 0 0 1 0 0 0 0.839667 1 3 1 158 1 1.01 1 156 0 24 1

59 1 0 0 0 0 0 0 0 0 0 0 0 1 0 0 1 0.05 1 3.6 1 94 1 1.02 1 92 0 24 1

16 1 0 0 0 0 0 0 0 0 1 0 0 0 0 0 1 0.05 1 6.2 1 255 1 1.04 1 244 0 24 1

55 1 0 0 0 0 0 0 0 0 0 0 0 0 0 0 1 0.2 1 3.6 1 301 1 1.75 1 172 0 24 1

58 1 0 0 0 0 0 0 0 1 1 0 0 0 0 0 1 0.2 0 4.70616 1 256 1 0.9 1 283 0 24 1

61 1 0 0 0 1 0 0 0 0 0 0 0 0 0 0 1 0.2 1 3.8 1 252 1 1.13 1 222 0 24 1

26 1 0 0 0 0 0 0 0 0 0 0 0 0 0 0 1 0.2 1 5.1 1 187 1 1.17 1 160 0 24 1

37 0 0 0 0 0 0 0 0 0 0 0 0 0 0 0 0 0.839667 1 4.3 1 187 1 0.96 1 194 0 24 1

56 1 0 0 0 0 0 0 0 0 0 0 0 0 0 0 1 0.05 0 4.70616 1 230 1 1.06 1 217 0 24 1

31 1 0 0 0 0 0 0 0 0 0 0 0 0 0 0 0 0.839667 0 4.70616 1 196 1 0.94 1 209 0 24 1

34 1 0 0 0 0 0 0 0 0 1 0 0 0 0 0 0 0.839667 1 5.3 1 181 1 1.04 1 174 0 24 1

65 1 0 0 0 0 0 0 0 0 1 0 0 0 0 0 1 0.15 1 3.5 1 217 1 0.98 1 221 0 24 1

35 1 0 0 0 0 0 0 0 0 0 0 0 0 0 0 1 0.15 1 5.1 1 167 1 1 1 168 0 24 1

47 1 0 0 0 0 0 0 0 0 1 0 0 0 0 0 1 0.15 1 4.3 1 189 1 1.07 1 176 0 24 1

46 1 0 0 0 0 0 0 0 0 0 0 0 0 0 0 1 0.15 1 3 1 161 1 0.93 1 174 0 24 1

41 1 0 0 0 0 1 0 0 0 1 0 0 0 0 0 1 0.2 0 4.70616 1 430 1 1.09 1 395 0 24 1

41 1 0 0 0 0 0 0 0 0 1 0 0 0 0 0 1 0.15 1 7.3 1 430 1 1.09 1 395 0 24 1

64 1 0 0 0 0 0 0 0 0 1 0 0 1 0 0 0 0.839667 1 6.1 1 214 1 0.94 1 228 0 24 1

41 1 0 0 0 0 0 0 0 0 1 0 0 0 0 0 1 0.2 1 3.8 1 253 1 1.24 1 204 0 24 1

80 0 0 0 0 0 0 0 0 0 0 0 0 0 0 0 1 0.05 1 3.7 1 152 1 0.93 1 164 0 24 1

60 0 0 0 1 0 0 0 0 0 0 0 0 0 0 0 1 0.2 1 4 1 68 1 1 1 67 0 24 1

71 1 0 0 0 0 0 0 0 0 1 0 0 1 0 0 1 0.2 1 4.5 1 125 1 0.82 1 152 0 24 1

59 1 1 0 0 1 0 0 0 0 0 0 0 1 0 0 1 0.2 1 4.3 1 140 1 1.68 1 83 0 24 1

11 0 0 0 0 0 0 0 0 0 0 0 0 0 0 0 1 0.2 0 4.70616 1 191 1 1.23 1 156 0 24 1

87 1 0 0 0 0 0 0 0 0 1 0 0 0 0 0 1 0.2 1 3.4 1 164 1 0.82 1 200 0 24 1

18 1 0 0 0 0 0 0 0 0 0 0 0 0 0 0 1 0.25 1 3.1 1 160 1 0.9 1 177 0 24 1

57 1 0 0 0 0 0 0 0 0 0 0 0 1 0 0 1 0.065 1 4.2 1 235 1 1.1 1 214 0 24 1

58 1 1 0 0 0 0 0 0 0 0 0 0 0 0 0 1 0.065 1 3.4 1 129 1 0.95 1 136 0 24 1

70 1 0 0 0 0 0 0 0 0 1 0 0 1 0 0 1 0.005 1 3.5 1 194 1 0.9 1 215 0 24 1

79 0 0 0 0 0 0 0 0 0 0 0 0 0 0 0 1 0.03 1 4.1 1 160 1 0.78 1 204 0 24 1

58 1 0 0 0 0 0 0 0 0 1 0 0 0 0 0 1 0.005 1 3.9 1 181 1 0.96 1 188 0 24 1

65 1 0 0 0 1 0 0 0 0 1 0 0 0 0 0 1 0.025 1 3.9 1 133 1 1.23 1 108 0 24 1

60 1 0 0 0 0 0 0 0 0 1 0 0 0 0 0 1 0.025 1 3.9 1 123 1 0.98 1 126 0 24 1

65 1 0 0 0 0 0 0 0 0 1 0 0 0 0 0 1 0.02 1 3.1 1 114 1 0.91 1 126 0 24 1

39 1 0 0 0 0 0 0 0 0 1 0 0 0 0 0 1 0.02 1 4 1 209 1 1.06 1 197 0 24 1

77 1 0 0 0 0 0 0 0 0 0 0 0 0 0 0 1 0.02 1 2.7 1 155 1 0.98 1 159 0 24 1

23 1 0 0 0 0 0 0 0 0 0 0 0 1 0 0 1 0.01 1 2.9 1 205 1 0.87 1 235 0 24 1

79 0 0 0 0 0 0 0 0 0 0 0 0 0 0 0 0 0.839667 1 3.1 1 162 1 0.78 1 209 0 24 1

57 1 0 0 0 0 0 0 0 0 0 0 0 0 0 0 1 0.005 1 3.6 1 144 1 0.84 1 171 0 24 1

55 1 0 1 0 0 0 0 0 0 0 0 0 0 0 0 1 0.005 0 4.70616 1 161 1 0.9 1 180 0 24 1

79 0 0 0 0 0 0 0 0 0 0 0 0 0 0 0 1 0.005 1 3.4 1 151 1 0.74 1 203 0 24 1

54 0 0 0 0 0 0 0 0 1 0 0 0 0 0 0 1 0.01 1 3.6 1 142 1 1.23 1 115 0 24 1

68 0 0 0 0 0 0 0 0 0 0 0 0 0 0 0 0 0.839667 0 4.70616 1 175 1 0.86 1 204 0 24 1

63 1 0 0 0 0 0 0 1 0 0 0 0 0 0 0 1 0.03 1 3.3 1 120 1 0.96 1 125 0 24 1

58 0 1 0 0 0 0 0 0 0 1 0 0 0 0 0 1 0.01 1 3.3 1 129 1 1.23 1 105 0 24 1

72 1 0 0 0 0 0 0 0 0 0 0 0 0 0 0 0 0.839667 0 4.70616 1 161 1 0.9 1 180 0 24 1

15 1 0 0 0 0 0 0 0 0 0 0 0 0 0 0 1 0.015 1 6 1 250 1 0.8 1 312 0 24 1

53 1 0 0 0 0 0 0 0 0 1 0 0 0 0 0 1 0.02 1 4.3 1 250 1 1.01 1 247 0 24 1

55 1 0 0 0 0 0 0 0 0 1 0 0 0 0 0 1 0.01 1 5.5 1 219 1 0.8 1 274 0 24 1

20 0 0 0 0 0 0 0 0 0 0 0 0 0 0 0 1 0.015 1 4.8 1 22 0 0.9225 0 225.722 0 24 1

76 1 0 0 0 0 0 0 0 0 0 0 0 0 0 0 1 0.005 1 3 1 158 1 0.87 1 183 0 24 1

23 1 0 0 0 0 0 0 0 0 1 0 0 0 0 0 1 0.015 1 4 1 204 1 0.84 1 242 0 24 1

56 1 0 0 0 0 0 0 0 0 0 0 0 0 0 0 1 0.02 1 7.1 1 223 1 1 1 222 0 24 1

27 1 0 0 0 0 0 0 0 0 0 0 0 0 0 0 1 0.055 1 8.5 1 244 1 0.98 1 249 0 24 1

72 1 0 0 0 0 0 0 0 0 0 0 0 0 0 0 1 0.035 1 4.9 1 192 1 1.09 1 176 0 24 1

63 0 0 0 0 0 0 0 0 0 0 0 0 0 0 0 0 0.839667 0 4.70616 1 162 1 0.81 1 200 0 24 1

77 0 0 0 0 0 0 0 0 0 0 0 0 0 0 0 1 0.015 1 10.6 1 226 1 0.65 1 349 0 24 1

72 1 0 0 0 0 0 0 0 0 0 0 0 0 0 0 1 0.015 1 2.9 1 198 1 0.91 1 217 0 24 1

52 1 0 0 0 0 0 0 0 0 0 0 0 0 0 0 1 0.03 0 4.70616 1 163 1 0.95 1 172 0 24 1

56 1 0 0 0 0 0 0 0 0 1 0 0 0 0 0 1 0.015 1 4.1 1 191 1 1 1 191 0 24 1

34 1 0 0 0 0 0 0 0 0 0 0 0 0 0 0 0 0.839667 0 4.70616 1 178 1 1 1 178 0 24 1

39 1 0 0 0 0 0 0 0 0 1 0 0 0 0 0 0 0.839667 1 6.6 1 248 1 0.89 1 280 0 24 1

34 1 0 0 1 0 0 0 0 0 1 0 0 0 0 0 1 27 1 4.4 1 273 1 1.22 1 222 0 24 1

75 0 0 0 0 1 0 0 0 0 0 0 0 0 0 0 1 0.02 0 4.70616 1 150 1 0.88 1 171 0 24 1

27 1 0 0 0 0 0 0 0 0 0 0 0 0 0 0 1 0.02 1 5.3 1 272 1 0.97 1 281 0 24 1

46 0 0 0 0 0 0 0 0 0 1 0 0 0 0 0 1 0.02 1 4.5 1 156 1 0.76 1 205 0 24 1

51 1 0 0 0 0 0 0 0 0 0 0 0 0 0 0 1 0.02 1 3.3 1 200 1 1 1 200 0 24 1

50 1 0 0 1 0 0 0 0 0 1 0 0 0 0 0 1 0.03 1 3.4 1 131 1 1.02 1 129 0 24 1

53 1 0 0 0 0 0 0 0 0 1 0 0 0 0 0 1 0.03 1 5.4 1 162 1 0.73 1 222 0 24 1

63 1 0 0 0 0 0 0 0 0 0 0 0 0 0 0 1 0.03 1 5.5 1 199 1 1.05 1 190 0 24 1

55 1 0 0 0 0 0 0 0 0 1 0 0 0 0 0 1 0.035 1 4.4 1 195 1 0.82 1 237 0 24 1

33 0 0 0 0 0 0 0 0 0 1 0 0 0 0 0 1 0.015 1 5 1 244 1 0.67 1 362 0 24 1

56 1 0 0 0 0 0 0 0 0 0 0 0 0 0 0 0 0.839667 1 3.9 1 141 1 1.12 1 126 0 24 1

76 1 0 0 0 0 0 0 0 1 0 0 0 0 0 0 1 0.005 0 4.70616 1 143 1 0.76 1 189 0 24 1

60 0 0 0 0 0 0 0 0 0 0 0 0 0 0 0 1 0.005 1 7.1 1 184 1 1.03 1 177 0 24 1

73 1 0 0 0 0 0 0 0 0 0 0 0 1 0 0 1 0.005 1 3.6 1 119 1 0.9 1 133 0 24 1

45 1 0 0 0 0 0 0 1 0 0 0 0 0 0 0 1 0.065 1 4.6 1 210 1 1.11 1 190 0 24 1

35 1 0 0 0 0 0 0 0 0 0 0 0 0 0 0 1 0.005 1 3.1 1 239 1 1 1 239 0 24 1

60 1 0 0 0 0 0 0 0 0 0 0 0 0 0 0 1 0.025 0 4.70616 1 175 1 1.03 1 169 0 24 1

55 1 0 0 0 0 0 0 0 0 1 0 0 0 0 0 1 0.065 0 4.70616 1 206 1 0.81 1 254 0 24 1

33 1 0 0 0 0 0 0 0 0 1 0 0 0 0 0 1 0.025 1 5.3 1 278 1 0.78 1 356 0 24 1

42 0 0 0 0 0 0 0 0 0 1 0 0 0 0 0 1 0.045 1 3.1 1 119 1 0.8 1 149 0 24 1

72 1 0 0 0 0 0 0 0 0 1 0 0 0 0 0 1 0.25 1 4.4 1 192 1 0.91 1 211 0 24 1

55 1 0 0 0 0 0 0 0 0 1 0 0 0 0 0 0 0.839667 1 5.5 1 214 1 0.91 1 236 0 24 1

55 1 0 0 0 0 0 0 0 0 0 0 0 0 0 0 1 0.05 1 6.8 1 169 1 0.84 1 201 0 24 1

30 1 0 0 0 0 0 0 0 0 0 0 0 0 0 0 1 0.055 0 4.70616 1 187 1 0.72 1 262 0 24 1

45 0 0 0 0 0 0 0 0 0 1 0 0 0 0 0 1 0.025 1 4.2 1 183 1 0.78 1 235 0 24 1

42 1 0 0 1 0 0 0 0 0 1 0 0 0 0 0 1 0.025 1 3.1 1 136 1 1 1 136 0 24 1

56 1 0 0 0 0 0 0 0 0 0 0 0 0 0 0 1 0.05 1 3.8 1 200 1 0.76 1 264 0 24 1

65 1 0 0 0 0 0 0 0 0 0 0 0 0 0 0 0 0.839667 0 4.70616 1 148 1 0.85 1 174 0 24 1

49 1 0 0 0 0 0 0 0 0 0 0 0 0 0 0 1 0.05 0 4.70616 1 193 1 1.05 1 184 0 24 1

33 1 0 0 0 0 0 0 0 0 1 0 0 0 0 0 1 0.005 1 3.2 1 185 1 0.91 1 206 0 24 1

34 1 0 0 0 0 0 0 0 0 0 0 0 1 0 0 1 0.03 1 3.2 1 123 1 1.08 1 114 0 24 1

36 0 0 0 0 0 0 0 0 0 1 0 0 0 0 0 1 0.07 1 4.1 1 153 1 0.86 1 178 0 24 1

57 1 0 1 0 0 0 0 0 0 0 0 0 0 0 0 1 0.07 0 4.70616 1 142 1 0.87 1 163 0 24 1

22 1 0 0 0 0 0 0 0 0 1 0 0 0 0 0 1 0.055 1 6.2 1 386 1 1.02 1 378 0 24 1

36 1 0 0 0 0 0 0 0 0 1 0 0 0 0 0 1 0.085 1 4.5 1 198 1 1.15 1 172 0 24 1

45 1 0 0 0 0 0 0 0 1 0 0 0 0 0 0 1 0.085 0 4.70616 1 171 1 0.88 1 194 0 24 1

76 0 0 0 0 0 0 0 0 0 0 0 0 0 0 0 1 0.065 1 3.9 1 186 1 0.94 1 198 0 24 1

66 1 0 0 1 0 0 0 0 0 1 0 0 0 0 0 1 0.07 1 2.9 1 145 1 1.25 1 116 0 24 1

2 1 0 0 0 0 0 0 0 0 0 0 0 1 0 0 1 0.05 1 7.6 1 257 1 0.96 1 268 0 24 1

42 1 0 0 0 0 0 0 0 0 1 0 0 0 0 0 1 0.065 1 3.1 1 156 1 0.94 1 166 0 24 1

34 1 0 0 0 0 0 0 0 0 1 0 0 0 0 0 1 0.065 1 5.1 1 138 1 1.13 1 122 0 24 1

61 1 0 0 0 0 0 0 0 0 1 0 0 0 0 0 1 0.065 1 5.3 1 210 1 0.87 1 241 0 24 1

23 1 0 0 0 0 0 0 0 0 1 0 0 0 0 0 1 0.065 1 18 1 430 1 0.67 1 642 0 24 1

76 0 0 0 0 0 0 0 1 0 0 0 0 0 0 0 1 0.07 1 3.3 1 183 1 1 1 183 0 24 1

73 1 0 0 0 0 0 0 0 0 0 0 0 1 0 0 1 0.025 1 4.4 1 235 1 0.92 1 255 0 24 1

84 1 0 0 0 0 0 0 0 0 1 0 0 0 0 0 1 0.04 1 4.2 1 151 1 0.88 1 172 0 24 1

77 1 0 0 0 0 0 0 0 0 0 0 0 0 0 0 1 0.03 1 13.3 1 410 1 0.79 1 519 0 24 1

56 1 0 0 0 0 0 0 0 0 0 0 0 0 0 0 1 0.03 1 6.4 1 191 1 0.97 1 197 0 24 1

36 0 0 0 0 0 0 0 0 0 1 0 0 0 0 0 1 0.03 1 4 1 178 1 1.14 1 156 0 24 1

71 1 0 0 0 0 0 0 0 0 0 0 0 0 0 0 1 0.05 0 4.70616 1 178 1 1.13 1 158 0 24 1

34 0 0 0 0 0 0 0 0 0 0 0 0 0 0 0 1 0.015 1 4 1 239 1 0.9 1 266 0 24 1

33 1 0 0 0 0 0 0 0 0 0 0 0 0 0 0 1 0.055 0 4.70616 1 148 1 0.95 1 156 0 24 1

49 1 0 0 0 0 0 0 0 0 1 0 0 0 0 0 1 0.075 1 3.3 1 239 1 1.28 1 187 0 24 1

54 1 0 0 0 0 0 0 1 0 0 0 0 0 0 0 1 0.075 1 5 1 216 1 0.86 1 251 0 24 1

38 1 0 0 0 0 0 0 0 0 0 0 0 0 0 0 1 0.085 1 4 1 221 1 1.09 1 203 0 24 1

39 0 1 0 0 0 0 0 0 0 0 0 0 0 0 0 1 0.105 1 4.1 1 131 1 0.95 1 138 0 24 1

32 1 0 0 0 0 0 0 0 0 0 0 0 0 0 0 1 0.1 0 4.70616 1 153 1 0.67 1 228 0 24 1

73 1 0 0 0 0 0 0 0 0 0 0 0 1 0 0 1 0.04 1 3.8 1 292 1 0.91 1 321 0 24 1

67 1 0 0 0 0 0 0 0 0 0 0 0 0 0 0 1 0.055 1 3.1 1 157 1 0.92 1 171 0 24 1

60 0 0 0 0 0 0 0 0 0 0 0 0 0 0 0 1 0.035 1 7.6 1 236 1 0.91 1 259 0 24 1

66 1 0 0 0 0 0 0 0 0 0 0 0 0 0 0 1 0.04 1 4.9 1 249 1 0.86 1 290 0 24 1

43 0 0 0 0 0 0 0 0 0 1 0 0 0 0 0 1 0.005 1 3 1 130 1 0.84 1 155 0 24 1

30 0 0 0 0 0 0 0 0 0 0 0 0 0 0 0 1 15 1 5.6 1 278 1 0.78 1 356 1 25 1

25 1 0 0 0 0 0 0 0 0 0 0 0 1 0 0 1 1 1 3.2 1 117 1 1.11 1 105 0 24 1

49 1 0 0 0 0 0 0 0 0 1 0 0 0 0 0 1 0.025 1 3.7 1 178 0 0.9225 0 225.722 0 24 1

35 1 0 0 0 0 0 0 0 0 0 0 0 0 0 0 0 0.839667 0 4.70616 1 226 1 0.93 1 243 0 24 1

65 1 0 0 0 0 0 0 0 0 0 0 0 0 0 0 1 0.02 0 4.70616 1 161 1 1.02 1 158 0 24 1

42 1 0 0 0 0 0 0 0 0 0 0 0 0 0 0 1 0.005 0 4.70616 1 178 1 0.71 1 251 0 24 1

49 1 0 0 0 0 0 0 0 1 1 0 0 0 0 0 0 0.839667 1 3.9 1 240 1 1.25 1 192 0 24 1

19 1 0 0 0 0 0 0 0 1 1 0 0 0 0 0 1 0.02 0 4.70616 1 171 1 0.97 1 176 0 24 1

29 0 0 0 0 0 0 0 0 0 1 0 0 0 0 0 1 0.02 1 5.7 1 172 1 0.86 1 200 0 24 1

28 0 0 0 0 0 0 0 0 0 0 0 0 0 0 0 1 0.02 1 5.9 1 183 1 0.82 1 223 0 24 1

43 0 0 0 0 0 0 0 0 0 1 0 0 0 0 0 1 0.02 1 2.9 1 130 1 0.8 1 163 0 24 1

84 0 0 0 0 0 0 0 0 0 0 0 0 0 0 0 1 14 1 6.7 1 280 1 0.85 1 329 1 22 1

61 1 0 0 0 0 0 0 0 0 1 0 0 0 0 0 1 0.025 1 8 1 202 0 0.9225 0 225.722 0 24 1

42 1 0 0 0 0 0 0 0 0 0 0 0 0 0 0 0 0.839667 1 3.2 1 174 0 0.9225 0 225.722 0 24 1

63 1 1 0 0 1 0 0 0 0 0 0 0 0 0 0 1 68 0 1.45268 1 48 1 1.02 1 47 0 25 2

41 1 0 0 0 0 0 0 0 0 0 0 0 0 0 0 1 140 0 1.45268 1 33 1 1.07 1 31 0 25 2

61 0 0 0 0 1 0 0 0 0 0 0 0 0 0 0 1 9.8 1 1.2 1 114 1 0.84 1 136 0 25 2

27 1 0 0 0 0 0 0 0 0 0 0 0 0 0 0 1 90 1 0.4 1 7.5 1 0.94 1 7.5 0 25 2

40 1 0 0 0 0 0 0 0 0 0 0 0 0 0 0 1 70 1 0.4 1 3.9 1 0.83 1 5 1 28 2

44 1 0 0 0 0 0 0 0 1 1 0 0 0 0 0 1 8.4 1 1.8 1 108 1 1.01 1 107 0 25 2

47 0 0 0 0 0 0 0 0 0 0 0 0 0 0 0 1 80 1 0.4 1 9 1 0.85 1 10 0 25 2

47 0 0 0 0 0 0 0 0 0 0 0 0 0 0 0 1 176 1 0.5 1 6 1 1.45 1 4 0 25 2

72 0 0 0 0 0 0 0 0 0 0 0 0 0 0 0 1 30 1 0.6 1 15 1 1.48 1 10 0 25 2

72 0 0 0 0 0 0 0 0 0 0 0 0 0 0 0 1 11 1 0.3 1 13 1 1 1 13 0 25 2

72 0 0 0 0 0 0 0 0 0 0 0 0 0 0 0 1 71 1 0.5 1 4 1 1.27 1 3 0 25 2

27 0 0 0 0 0 0 0 0 1 1 0 0 0 0 0 1 9.1 1 1.7 1 135 1 0.93 1 145 0 25 2

50 1 0 0 0 0 0 0 0 0 0 0 0 1 0 0 1 10.7 0 1.45268 1 70 1 1.1 1 64 0 25 2

77 1 0 0 0 0 0 0 0 0 0 0 0 0 0 0 1 46 1 0.5 1 14 1 1.19 1 12 0 25 2

27 1 0 0 0 0 0 0 0 1 1 0 0 0 0 0 1 18 0 1.45268 1 61 1 1.01 1 61 0 25 2

65 1 0 0 0 0 0 0 0 0 0 0 0 0 0 0 1 170 1 0.3 1 12 1 1.05 1 11 0 25 2

65 1 0 0 0 0 0 0 0 0 0 0 0 0 0 0 1 145 1 0.2 1 16 1 0.94 1 17 0 25 2

88 1 0 0 0 0 0 0 0 0 1 0 0 0 0 0 1 7.9 1 1.9 1 47 1 1.07 1 44 0 25 2

73 1 0 0 0 0 0 0 0 0 0 0 0 0 0 0 1 19 1 2.3 1 66 1 1.09 1 61 0 25 2

42 1 0 0 0 0 0 0 0 0 0 0 0 0 0 0 1 48 0 1.45268 1 7.6 1 1.02 1 7.5 0 25 2

72 0 0 0 0 0 0 0 0 0 0 0 0 0 0 0 1 25 1 0.3 1 4.1 1 1.2 1 3.4 0 25 2

77 1 0 0 0 0 0 0 1 0 0 0 0 0 0 0 1 6.7 0 1.45268 1 114 1 1.52 1 75 0 25 2

43 0 0 0 0 0 0 0 0 1 0 0 0 0 0 0 1 153 0 1.45268 1 3 1 1.23 1 2.5 0 25 2

65 1 0 0 0 0 0 0 0 0 0 0 0 0 0 0 1 35 1 1.2 1 24 1 0.99 1 24 0 25 2

25 1 0 1 0 0 0 0 0 0 0 0 0 0 0 0 1 9.2 0 1.45268 1 64 1 0.96 1 67 0 25 2

58 1 0 0 0 0 0 0 0 0 0 0 0 0 0 0 1 30 1 0.3 1 13 1 0.97 1 13 0 25 2



59 1 0 0 0 0 0 0 0 0 1 0 0 0 0 0 1 47 1 1.9 1 79 1 1.13 1 70 0 25 2

32 1 0 0 0 0 0 0 0 0 0 0 0 0 0 1 1 17.4 1 1.9 1 90 1 1.21 1 74 0 25 2

25 1 0 0 0 0 0 0 0 0 1 0 0 0 0 0 1 6.7 0 1.45268 1 114 1 1.19 1 96 0 25 2

35 1 0 0 0 0 0 0 0 0 0 0 0 0 0 0 1 14 1 0.2 1 4 1 0.98 1 4 0 25 2

57 1 0 0 0 0 0 0 0 0 1 0 0 0 0 0 1 6.7 1 1.8 1 91 1 0.94 1 97 0 25 2

35 1 0 0 0 0 0 0 0 0 0 0 0 0 0 0 1 35 1 0.3 1 4 0 1.01217 0 69.6007 0 25 2

62 0 0 0 0 0 0 0 0 0 0 0 0 0 0 0 1 65 1 0.7 1 22 1 1.03 1 21 0 25 2

55 0 0 0 0 0 0 0 0 0 0 0 0 0 0 0 1 24 1 0.6 1 21 1 0.97 1 22 0 25 2

55 0 0 0 0 0 0 0 0 0 0 0 0 0 0 0 1 11.4 1 2.1 1 96 1 0.88 1 109 0 25 2

66 0 0 0 0 0 0 0 0 0 0 0 0 0 0 0 1 11 1 1.4 1 68 1 0.97 1 70 0 25 2

24 0 0 0 0 0 0 0 0 0 0 0 0 0 0 0 1 400 1 0.2 1 4 1 1 1 4 0 25 2

62 0 0 0 0 0 0 0 0 0 0 0 0 0 0 0 1 80 1 0.4 1 42 1 0.8 1 53 0 25 2

62 1 1 0 0 0 0 0 0 1 0 0 0 0 0 0 1 260 1 0.05 1 4 1 1.27 1 3 0 25 2

26 1 0 0 0 0 0 0 0 0 1 0 0 0 0 0 1 6.6 1 1.7 1 96 1 0.99 1 97 0 25 2

53 0 0 0 0 0 0 0 0 0 1 0 0 0 0 0 1 8.5 1 1.7 1 93 1 0.91 1 102 0 25 2

85 1 0 0 0 0 0 0 0 1 0 0 0 0 0 0 1 138 1 1.1 1 27 1 1.19 1 23 0 25 2

77 1 0 0 0 0 0 0 0 1 0 0 0 0 0 0 1 9.8 1 1.4 1 134 1 1.09 1 123 0 25 2

68 1 0 0 0 0 0 0 0 0 0 0 0 0 0 0 1 56 1 0.6 1 23 1 1.01 1 22 0 25 2

58 0 0 0 0 0 0 0 0 0 0 0 0 0 0 0 1 8 1 1.3 1 83 1 0.85 1 98 0 25 2

85 1 0 0 0 0 0 0 0 1 0 0 0 0 0 0 1 44 1 2 1 38 1 1.03 1 37 0 25 2

65 1 0 0 0 0 0 0 0 1 0 0 0 0 0 0 1 10 1 1.1 0 69.2939 0 1.01217 0 69.6007 0 25 2

62 0 0 0 0 0 0 0 0 0 0 0 0 0 0 0 1 54 1 0.6 1 41 1 0.78 1 52 0 25 2

42 1 0 1 0 0 0 0 0 0 0 0 0 0 0 0 1 6.6 0 1.45268 1 89 1 0.95 1 94 0 25 2

32 0 0 0 0 0 0 0 0 0 0 0 0 0 0 0 1 150 1 0.4 1 16 1 0.95 1 17 0 25 2

41 1 0 0 0 0 0 0 0 0 0 0 0 0 0 0 1 53 1 0.4 1 9.7 1 1.46 1 6.6 0 25 2

62 1 0 0 0 0 0 0 0 0 0 0 0 0 0 0 1 31 1 2 1 65 1 1 1 65 0 25 2

79 1 0 0 0 0 0 0 0 1 0 0 0 0 0 0 1 200 1 0.4 1 10 1 1.19 1 9 0 25 2

79 1 0 0 0 0 0 0 0 0 0 0 0 0 0 0 1 19 1 1.3 1 69 1 0.99 1 70 0 25 2

70 1 0 0 0 0 0 0 0 0 0 0 0 0 0 0 1 6.3 1 1.3 1 125 1 1.07 1 117 0 25 2

43 0 0 0 0 0 0 0 1 0 0 0 0 0 0 0 1 16 1 1.9 1 63 1 1.08 1 57 0 25 2

70 1 0 0 0 0 0 0 0 0 0 0 0 0 0 0 1 7.5 1 1.4 1 57 0 1.01217 0 69.6007 0 25 2

31 0 0 0 0 0 0 0 0 0 0 0 0 0 0 0 1 14.3 1 1.9 1 111 1 1.1 1 101 0 25 2

77 0 0 0 0 0 0 0 0 0 0 0 0 0 0 0 1 7.3 1 1.2 1 57 1 1.28 1 44 0 25 2

34 1 0 0 0 0 0 0 0 0 0 0 0 0 0 0 1 49 1 0.4 1 9 1 1.05 1 9 0 25 2

51 1 0 0 0 0 0 0 0 0 0 0 0 0 0 0 1 82 1 0.6 1 10 1 0.94 1 10 0 25 2

71 1 0 0 0 0 0 0 0 0 0 0 0 0 0 0 1 77 1 0.3 1 18 1 1.06 1 17 0 25 2

76 1 0 0 0 0 0 0 0 1 0 0 0 0 0 0 1 34 1 1.7 1 61 1 0.88 1 70 0 25 2

20 1 0 0 0 0 0 0 0 1 0 0 0 0 0 0 1 92 0 1.45268 1 39 1 1.21 1 32 0 25 2

50 1 1 0 0 0 0 0 0 0 0 0 0 0 0 0 1 34 0 1.45268 1 55 1 0.93 1 60 0 25 2

15 1 1 0 0 0 0 0 0 0 0 0 0 1 0 0 1 35 1 2 1 19 1 0.95 1 20 0 25 2

52 1 0 0 0 0 0 0 0 0 0 0 0 0 0 0 1 27 1 1.6 1 76 1 1.09 1 70 0 25 2

57 0 0 0 0 0 0 0 0 0 0 0 0 0 0 0 1 8.8 1 1.8 1 86 0 1.01217 0 69.6007 0 25 2

65 1 0 0 0 0 0 0 0 0 0 0 0 0 0 0 1 8.1 1 1.5 1 108 1 1.03 1 105 0 25 2

19 1 0 0 0 0 0 0 0 0 0 0 0 0 0 0 1 8 1 1.6 1 110 1 0.91 1 121 0 25 2

77 1 0 0 0 0 0 0 0 0 0 0 0 0 0 0 1 13.3 1 2.5 1 68 1 1.03 1 66 0 25 2

70 1 0 0 0 0 0 0 0 1 0 0 0 0 0 0 1 14 1 1.6 1 68 0 1.01217 1 78 0 25 2

78 1 0 0 0 0 0 0 0 0 0 0 0 0 0 0 1 28 1 0.2 1 17 1 1.01 1 16 0 25 2

48 1 0 0 0 0 0 0 0 0 0 0 0 0 0 0 1 125 1 0.2 1 11 1 1.06 1 11 0 25 2

67 0 0 0 0 0 0 0 0 0 0 0 0 0 0 0 1 18 1 1.7 1 72 1 0.82 1 88 0 25 2

79 1 0 0 0 0 0 0 0 0 0 0 0 0 0 0 1 15 1 1.3 1 50 1 0.91 1 55 0 25 2

62 0 1 0 0 0 0 0 0 1 0 0 0 0 0 0 1 39 1 1.3 1 45 1 0.82 1 55 0 25 2

39 0 0 0 0 0 0 0 0 0 0 0 0 0 0 0 1 8.8 1 1.8 1 67 1 0.9 1 75 0 25 2

61 1 0 0 0 0 0 0 0 0 0 0 0 0 0 0 1 288 1 0.7 1 14 1 1.13 1 12 0 25 2

56 0 0 0 0 0 0 0 0 0 0 0 0 0 0 0 1 7.5 1 1.2 1 37 1 1.06 1 35 0 25 2

14 1 0 0 0 0 0 0 0 0 0 0 0 0 0 0 1 15 1 1.8 1 56 1 0.95 1 59 0 25 2

36 1 0 0 0 0 0 0 0 0 0 0 0 0 0 0 1 7.3 1 1.4 1 95 1 0.96 1 98 0 25 2

78 1 1 0 0 0 0 0 0 1 0 0 0 0 0 0 1 21 1 0.7 1 42 1 0.96 1 43 0 25 2

57 0 0 0 0 0 0 0 0 0 0 0 0 0 0 0 1 24 1 1.3 1 52 1 0.79 1 66 0 25 2

72 1 0 0 0 0 0 0 0 0 0 0 0 0 0 0 1 143 1 0.4 1 15 1 0.98 1 15 0 25 2

76 1 0 0 0 0 0 0 0 0 0 0 0 0 0 0 1 6.3 1 1.3 1 134 1 1.15 1 117 0 25 2

32 1 0 1 0 0 0 0 0 0 0 0 0 0 0 0 1 11 1 1.8 1 69 1 0.9 1 77 0 25 2

62 1 0 0 0 0 0 0 0 0 0 0 0 0 0 0 1 150 1 1.6 1 34 1 1.07 1 32 0 25 2

42 0 0 0 0 0 0 0 0 0 0 0 0 0 0 0 1 235 1 0.5 1 2 1 1.24 1 1.4 0 25 2

69 1 0 0 0 0 0 0 0 1 0 0 0 0 0 0 1 6.6 1 1.5 1 50 1 0.83 1 60 0 25 2

65 1 0 0 0 0 0 0 0 0 0 0 0 0 0 0 1 18 1 1.3 1 72 0 1.01217 0 69.6007 0 25 2

65 1 1 0 0 0 0 0 0 0 0 0 0 0 0 0 1 55 1 1 1 50 1 1.17 1 43 0 25 2

69 1 0 0 0 0 0 0 0 1 0 0 0 0 0 0 1 6.5 1 1.8 1 45 1 0.89 1 51 0 25 2

69 1 0 0 0 0 0 0 0 1 0 0 0 0 0 0 1 6.5 1 2.1 1 56 1 0.87 1 64 0 25 2

50 1 1 0 0 0 0 0 1 0 0 0 0 0 0 0 1 61 0 1.45268 1 13 1 1.18 1 11 0 25 2

78 1 0 0 0 0 0 0 0 1 0 0 0 0 0 0 1 25 1 0.9 1 50 1 0.84 1 60 0 25 2

56 1 0 0 1 0 0 0 0 0 0 0 0 0 0 0 1 8.2 1 2 1 66 1 0.94 1 70 0 25 2

73 1 0 0 0 0 0 0 0 0 0 0 0 0 0 0 1 47 1 1.1 1 52 1 0.9 1 58 0 25 2

43 1 0 0 0 0 0 0 0 0 0 0 0 0 0 0 1 70 1 0.5 1 2.9 1 1.05 1 2.8 0 25 2

42 1 0 0 0 0 0 0 0 0 0 0 0 0 0 0 1 31 1 0.8 1 13 1 1.19 1 11 0 25 2

53 1 0 0 0 0 0 0 0 0 0 0 0 0 0 0 1 25 1 0.4 1 39 1 0.61 1 64 0 25 2

69 1 0 0 0 0 0 0 0 0 0 0 0 0 0 0 1 6.8 1 2.2 1 77 0 1.01217 0 69.6007 0 25 2

51 1 0 0 0 0 0 0 0 0 0 0 0 0 0 0 1 24 1 0.4 1 3 1 0.99 1 3 0 25 2

33 1 0 0 0 0 0 0 0 1 0 0 0 0 0 0 1 16 1 1.7 1 75 0 1.01217 0 69.6007 0 25 2

65 0 0 0 0 0 0 0 0 0 0 0 0 0 0 0 1 14.8 1 1.5 1 61 1 0.85 1 72 0 25 2

68 0 0 0 0 0 0 0 0 0 0 0 0 0 0 0 1 26 1 0.3 1 6 1 0.8 1 7.6 0 25 2

37 1 0 0 0 0 0 0 0 0 0 0 0 0 0 0 1 18 1 1.5 1 98 1 0.88 1 112 0 25 2

78 1 0 0 0 0 0 0 0 0 0 0 0 0 0 0 1 10 1 2 1 69 1 0.96 1 71 0 25 2

40 1 0 0 0 0 0 0 0 0 0 0 0 0 0 0 1 42 1 0.2 1 4.8 1 0.9 1 5.4 0 25 2

60 1 0 0 0 0 0 0 0 0 0 0 0 0 0 0 1 8.1 1 1.8 1 59 1 0.96 1 61 0 25 2

69 1 0 0 0 0 0 0 0 0 0 0 0 0 0 0 1 20 1 1 1 51 1 0.84 1 61 0 25 2

62 0 0 0 0 1 0 0 0 0 0 0 0 0 0 0 1 12 1 1.5 1 105 1 0.86 1 122 0 25 2

77 1 0 0 0 0 0 0 0 1 0 0 0 0 0 0 1 12 0 1.45268 1 77 1 1.06 1 73 0 25 2

48 1 0 0 0 0 0 0 0 1 0 0 0 0 0 0 1 98 1 1.9 1 29 1 1.11 1 26 0 25 2

69 1 0 0 0 0 0 0 0 0 0 0 0 0 0 0 1 21 1 0.8 1 53 1 0.86 1 61 0 25 2

79 1 0 0 0 0 0 0 0 0 0 0 0 0 0 0 1 29 1 1.6 1 47 1 0.97 1 48 0 25 2

46 1 0 0 0 0 0 0 0 0 0 0 0 0 0 0 1 6.4 1 2.3 1 64 1 0.98 1 65 0 25 2

62 0 0 0 0 0 0 0 0 0 0 0 0 0 0 0 1 17 1 1.7 1 65 1 0.68 1 97 0 25 2

77 1 0 0 0 0 0 0 0 0 0 0 0 0 0 0 1 23 1 0.5 1 33 1 0.67 1 49 0 25 2

24 1 0 0 0 0 0 0 0 0 0 0 0 0 0 0 1 65 1 0.7 1 28 1 1 1 28 0 25 2

55 0 0 0 0 0 0 0 0 0 0 0 0 1 0 0 1 10 1 2.1 1 65 0 1.01217 0 69.6007 0 25 2

39 1 0 0 0 0 0 0 0 0 0 0 0 0 0 0 1 24 1 1.9 1 65 0 1.01217 0 69.6007 0 25 2

60 1 0 0 0 0 0 0 0 0 0 0 0 1 0 0 1 12 1 2.2 1 71 1 1.4 1 51 0 25 2

65 1 0 0 0 0 0 0 0 0 0 0 0 0 0 0 1 21 1 1.2 1 72 0 1.01217 0 69.6007 0 25 2

62 0 0 0 0 0 0 0 0 0 0 0 0 0 0 0 1 100 1 0.4 1 10 1 1 1 10 0 25 2

34 1 0 0 0 0 0 0 0 0 0 0 0 0 0 0 1 35 1 1.4 1 78 1 0.98 1 80 0 25 2

76 1 0 0 0 0 0 0 0 0 0 0 0 0 0 0 1 11 1 1.2 1 86 1 0.85 1 101 0 25 2

60 0 0 0 0 0 0 0 0 0 0 0 0 0 0 0 1 26 1 2 1 69 1 0.97 1 71 0 25 2

19 0 0 0 0 0 0 0 0 0 0 0 0 0 0 0 1 18.4 1 2 1 105 0 1.01217 0 69.6007 0 25 2

42 1 0 0 0 0 0 0 0 0 1 0 0 0 0 0 1 6.2 1 1.7 1 72 1 0.89 1 81 0 25 2

59 1 0 0 0 0 0 0 0 0 0 0 0 0 0 0 1 11 1 1.5 1 89 1 1.12 1 79 0 25 2

60 0 0 0 0 0 0 0 0 0 0 0 0 0 0 0 1 12 1 1.7 1 67 1 0.87 1 77 0 25 2

58 1 0 0 0 0 0 0 0 0 0 0 0 0 0 0 1 7.5 1 1.6 1 82 1 1.08 1 77 0 25 2

60 0 0 0 0 0 0 0 0 0 0 0 0 0 0 0 1 36 1 0.6 1 23 1 0.68 1 34 0 25 2

63 1 0 0 0 0 0 0 0 0 0 0 0 0 0 0 1 8.2 1 2.1 1 80 1 1.02 1 78 0 25 2

73 0 0 0 0 0 0 0 0 0 0 0 0 0 0 0 1 10 1 1 1 84 1 1.39 1 60 0 25 2

32 0 0 0 0 0 0 0 0 0 0 0 0 0 0 0 1 109 1 0.2 1 3 1 1.02 1 3 0 25 2

45 1 0 0 0 0 0 0 0 0 0 0 0 0 0 0 1 7.4 1 1.4 1 108 1 1.08 1 100 0 25 2

80 0 0 0 0 0 0 0 0 0 0 0 0 0 0 0 1 6.1 1 1.3 1 83 1 0.88 1 95 0 25 2

52 1 0 0 0 0 0 0 0 0 0 0 0 0 0 0 1 8.8 1 2.3 1 106 1 1.25 1 85 0 25 2

79 1 0 0 0 0 0 0 0 0 0 0 0 0 0 0 1 17 1 1.6 1 66 1 1 1 65 0 25 2

26 1 0 0 0 0 0 0 0 0 0 0 0 1 0 0 1 6.2 0 1.45268 1 86 1 0.9 1 95 0 25 2

75 1 0 0 0 0 0 0 0 0 0 0 0 0 0 0 1 9.6 1 1.9 1 79 1 1 1 80 0 25 2

63 1 0 0 0 0 0 0 0 0 0 0 0 0 0 0 1 126 1 1.3 1 39 1 1.08 1 37 0 25 2

68 1 0 0 0 0 0 0 0 0 0 0 0 0 0 0 1 43 1 0.3 1 14 0 1.01217 0 69.6007 0 25 2

34 1 0 0 0 0 0 0 0 0 0 0 0 0 0 0 1 82 1 0.2 1 5.8 0 1.01217 0 69.6007 0 25 2

62 1 0 0 0 0 0 0 0 0 0 0 0 0 0 0 1 24 1 1.7 1 72 1 1.07 1 68 0 25 2

52 1 0 0 0 0 0 0 0 1 0 0 0 0 0 0 1 35 1 2.1 1 77 1 1.1 1 70 0 25 2

33 0 0 0 0 0 0 0 0 0 0 0 0 0 0 0 1 160 1 0.3 1 9.5 0 1.01217 0 69.6007 0 25 2

72 1 0 0 0 0 0 0 0 0 0 0 0 0 0 0 1 15 1 2.2 1 98 1 1.29 1 76 0 25 2

32 1 0 0 0 0 0 0 0 0 0 0 0 0 0 0 1 7.9 1 2.2 1 76 1 1.01 1 75 0 25 2

54 1 0 0 0 0 0 0 0 0 0 0 0 0 0 0 1 19 1 2.2 1 83 1 1.03 1 81 0 25 2

50 1 0 0 0 0 0 0 0 1 1 0 0 1 0 0 1 40 1 2.2 1 75 1 1.01 1 74 0 25 2

55 0 0 0 0 0 0 0 0 0 0 0 0 0 0 0 1 6.1 1 2.3 1 88 1 0.91 1 97 0 25 2

55 1 0 0 0 0 0 0 0 0 0 0 0 0 0 1 1 9.2 1 2.5 1 106 1 1.13 1 94 0 25 2

77 1 0 0 0 0 0 0 0 1 0 0 0 0 0 0 1 36 0 1.45268 1 82 1 1.02 1 81 0 25 2

60 1 0 0 0 0 0 0 0 1 0 0 0 0 0 0 1 183 1 1.1 1 45 1 0.97 1 46 0 25 2

74 1 0 0 0 0 0 0 0 0 0 0 0 0 0 0 1 9.1 1 2 1 72 1 0.9 1 80 0 25 2

59 0 0 0 0 0 0 0 0 0 0 0 0 0 0 0 1 12 1 1.5 1 88 1 0.98 1 90 0 25 2

64 1 0 0 0 0 0 0 0 0 1 0 0 0 0 0 1 8.9 1 1.2 1 67 1 0.75 1 89 0 25 2

37 1 0 0 0 0 0 0 0 0 0 0 0 1 0 0 1 13 1 2.5 1 96 1 1.33 1 73 0 25 2

59 1 0 0 0 0 0 0 0 0 0 0 0 0 0 0 1 530 1 2 1 10 1 1.12 1 8.5 0 25 2

34 1 0 0 0 0 0 0 0 0 0 0 0 0 0 0 1 6.8 1 2.4 1 96 1 1.06 1 90 0 25 2

58 1 0 0 0 0 0 0 0 1 0 0 0 0 0 0 1 18 1 2.1 1 68 1 1.08 1 63 0 25 2

53 0 0 0 0 0 0 0 0 0 0 0 0 0 0 0 1 12 1 2 0 69.2939 0 1.01217 0 69.6007 0 25 2

45 1 0 0 0 0 0 0 0 0 0 0 0 0 0 0 1 15 1 2.1 1 83 1 1.24 1 67 0 25 2

2 1 0 0 0 0 0 0 0 0 0 0 0 0 0 0 1 6.7 0 1.45268 0 69.2939 0 1.01217 0 69.6007 0 25 2

48 1 1 0 0 0 0 0 0 1 0 0 0 0 0 0 1 178 1 1 1 63 1 1.08 1 59 0 25 2

53 1 0 0 0 0 0 0 0 0 0 0 0 0 0 0 1 165 1 0.4 1 17 1 1.19 1 14 0 25 2

28 1 0 0 0 0 0 0 0 0 0 0 0 0 0 0 1 54 1 2.1 1 50 1 1.1 1 46 0 25 2

63 1 0 0 0 0 0 0 0 0 0 0 0 0 0 0 1 8.2 1 2.1 1 80 1 1.01 1 79 0 25 2

28 1 0 0 0 0 0 0 0 0 0 0 0 1 0 0 1 35 1 2.3 1 42 1 1.01 1 41 0 25 2

59 1 0 0 0 1 0 0 0 0 0 0 0 0 0 0 1 7.1 1 1.9 1 98 1 1.11 1 88 0 25 2

70 1 0 0 0 0 0 0 0 0 0 0 0 0 0 0 1 6.2 1 1.8 1 124 1 1.11 1 112 0 25 2

25 0 0 0 0 0 0 0 0 0 0 0 0 0 0 0 1 8.8 1 2.2 1 109 1 0.97 1 113 0 25 2

39 1 0 0 0 0 0 0 0 0 0 0 0 0 0 0 1 160 1 0.4 1 11 1 1.24 1 8.9 0 25 2

36 1 0 0 0 0 0 0 0 0 0 0 0 0 0 0 1 25 1 0.3 1 10 1 1.18 1 8.4 0 25 2

1 0 0 0 0 0 0 0 0 0 0 0 0 0 0 0 1 43 0 1.45268 0 69.2939 0 1.01217 0 69.6007 0 25 2

18 1 0 0 0 0 0 0 0 0 0 0 0 0 0 0 1 440 1 0.5 1 24 1 1.32 1 18 0 25 2

53 1 0 0 0 0 0 0 0 0 0 0 0 0 0 0 1 8.1 1 2.4 1 132 1 1.28 1 103 0 25 2

45 0 0 0 0 0 0 0 0 0 0 0 0 0 0 0 1 6.3 1 2 1 119 1 1.04 1 114 0 25 2

19 0 0 0 0 0 0 0 0 1 0 0 0 0 0 0 1 9 1 2.2 1 117 0 1.01217 0 69.6007 0 25 2

51 1 0 0 0 0 0 0 0 0 0 0 0 0 0 0 1 12 1 1.5 1 106 1 0.92 1 115 0 25 2

62 1 0 0 0 0 0 0 0 1 0 0 0 0 0 0 1 8.6 0 1.45268 1 86 1 0.84 1 101 0 25 2

37 0 0 0 0 0 0 0 0 0 0 0 0 0 0 0 1 12 1 1.2 1 105 1 0.84 1 125 0 25 2

40 1 0 0 0 0 0 0 0 0 1 0 0 0 0 0 1 9.2 1 1.5 1 113 1 1.03 1 109 0 25 2

60 1 1 0 0 0 0 0 0 0 0 0 0 0 0 0 1 400 1 0.5 1 11 1 1.19 1 9.1 0 25 2

28 1 0 0 0 0 0 1 0 0 0 0 0 0 0 0 1 103 1 2.1 1 65 1 1.16 1 56 0 25 2

30 1 0 0 0 0 0 0 0 0 0 0 0 0 0 0 1 8.5 1 2.1 1 91 1 1.16 1 79 0 25 2

63 0 0 0 0 0 0 0 0 0 0 0 0 0 0 0 1 7.4 1 2 1 120 1 1.02 1 117 0 25 2

74 1 0 0 0 0 0 0 0 1 0 0 0 0 0 0 1 23 1 0.2 1 50 1 0.85 1 58 0 25 2

42 1 0 0 0 0 0 0 0 0 0 0 0 0 0 0 1 7.2 1 2.1 1 123 1 1.18 1 104 0 25 2

33 1 0 0 0 0 0 0 0 1 0 0 0 0 0 0 1 10.3 1 2 1 68 1 1.15 1 59 0 25 2

69 1 0 0 0 0 0 0 0 0 0 0 0 0 0 0 1 11.1 1 1.3 1 88 1 1.06 1 83 0 25 2

68 1 0 0 0 0 0 0 0 1 0 0 0 0 0 0 1 12 1 1.4 1 111 1 1.2 1 93 0 25 2

24 1 0 0 0 0 0 0 0 0 0 0 0 0 0 0 1 10 1 2.5 1 110 1 1.17 1 94 0 25 2

61 0 0 0 0 0 0 0 0 0 0 0 0 0 0 0 1 6.2 1 1.2 1 83 1 0.82 1 101 0 25 2

63 0 0 0 0 0 0 0 0 0 0 0 0 0 0 0 1 7.7 1 1.9 1 89 1 1.04 1 85 0 25 2

70 0 0 0 0 0 0 0 0 0 0 0 0 0 0 0 1 86 1 0.5 1 27 1 0.84 1 32 0 25 2

44 0 0 0 0 0 0 0 0 0 0 0 0 0 0 0 1 199 1 0.6 1 10 1 1.03 1 10 0 25 2

1 0 0 0 0 0 0 0 0 0 0 0 0 0 0 0 1 8.8 1 1.9 1 113 1 0.86 1 131 0 25 2

1 0 0 0 0 0 0 0 0 1 0 0 0 0 0 0 1 6.6 1 1.7 1 68 0 1.01217 0 69.6007 0 25 2

60 1 0 0 0 0 0 0 0 0 1 0 0 0 0 0 1 99 1 0.8 1 12 1 1.27 1 10 0 25 2

37 1 0 0 0 0 0 0 0 0 0 0 0 0 0 0 1 22 1 1.4 1 71 1 0.97 1 73 0 25 2

60 1 0 0 0 0 0 0 0 0 0 0 0 0 0 0 1 18 1 1.5 1 66 1 1 1 66 0 25 2

56 1 0 0 0 0 0 0 0 0 0 0 0 0 0 0 1 7.9 1 1.2 1 73 1 0.8 1 91 0 25 2

48 1 0 0 0 0 0 0 0 0 0 0 0 0 0 0 1 7.1 1 1.4 1 88 1 0.93 1 95 0 25 2

55 1 0 0 0 0 0 0 0 0 0 0 0 0 0 0 1 11 1 1.5 1 144 1 1.24 1 116 0 25 2

44 0 0 0 0 0 0 0 0 0 0 0 0 0 0 0 1 16 0 1.45268 1 87 1 0.91 1 95 0 25 2

84 1 0 0 0 0 0 0 0 0 0 0 0 0 0 0 1 34 1 0.7 1 52 1 1.11 1 47 0 25 2

60 1 0 0 0 0 0 0 0 0 0 0 0 0 0 0 1 27 1 1.8 1 65 1 0.99 1 66 0 25 2

71 1 0 0 0 0 0 0 0 0 0 0 0 0 0 0 1 6.7 1 1.9 1 91 1 1.03 1 89 0 25 2

18 1 0 0 0 0 0 0 0 0 0 0 0 0 0 1 1 12 1 2.2 1 94 1 0.96 1 98 0 25 2

68 1 0 0 0 0 0 0 0 0 1 0 0 0 0 0 1 20 1 2.5 1 111 1 1.57 1 71 0 25 2

68 1 0 0 0 0 0 0 0 0 0 0 0 0 0 0 1 16 1 1.4 1 68 1 1.01 1 67 0 25 2

76 1 0 0 0 0 0 0 0 0 0 0 0 0 0 0 1 27 1 2.3 1 135 1 1.54 1 88 0 25 2

50 1 0 0 0 0 0 0 0 0 0 0 0 0 0 0 1 58 1 2.4 1 25 1 1.21 1 20 0 25 2

15 1 1 0 0 0 0 0 0 0 0 0 0 0 0 0 1 145 1 1.7 1 19 1 1.13 1 17 0 25 2

28 1 0 1 0 0 0 0 0 0 0 0 0 0 0 0 1 9.4 1 2.6 1 89 1 1.02 1 87 0 25 2

18 1 0 0 0 0 0 0 0 0 0 0 0 0 0 0 1 41 0 1.45268 1 118 1 1.13 1 105 0 25 2

61 1 0 0 0 1 0 0 0 0 0 0 0 0 0 0 1 11 1 1.2 1 83 1 1.01 1 82 0 25 2

25 1 0 0 0 1 0 0 0 1 0 0 0 0 0 0 1 8.9 1 1.7 1 62 1 0.75 1 83 0 25 2

52 1 0 0 0 0 0 0 0 0 0 0 0 0 0 0 1 12 1 1.8 1 109 1 1.06 1 102 0 25 2

45 1 0 0 0 0 0 0 0 0 0 0 0 0 0 0 1 6.7 1 2.5 1 98 1 0.88 1 111 0 25 2

76 1 0 0 0 0 0 0 0 1 1 0 0 0 0 0 1 39 0 1.45268 1 83 1 1.18 1 70 0 25 2

50 1 0 0 0 0 0 0 0 0 0 0 0 0 0 0 1 28 1 0.2 1 33 1 0.7 1 47 0 25 2

68 0 0 0 0 0 0 0 0 0 0 0 0 0 0 0 1 15 1 2 1 81 1 1.01 1 81 0 25 2

60 1 0 0 0 0 0 0 0 1 0 0 0 0 0 0 1 8.2 1 1.7 1 65 1 0.96 1 68 0 25 2

60 0 0 0 0 0 0 0 0 0 0 0 0 0 0 0 1 11 1 2.6 1 109 1 1.06 1 103 0 25 2

19 1 0 0 0 0 0 0 0 0 0 0 0 0 0 0 1 8.8 1 2.7 1 108 1 1.11 1 97 0 25 2

50 0 0 0 0 0 0 0 0 0 0 0 0 0 0 0 1 80 1 1.4 1 41 1 1.14 1 36 0 25 2

68 1 0 0 0 0 0 0 0 0 1 0 0 0 0 0 1 42 1 0.2 1 18 1 1.09 1 16 0 25 2

71 0 1 0 0 0 0 0 0 1 0 0 0 0 0 0 1 25 1 0.3 1 31 1 0.68 1 46 0 25 2

50 1 0 0 0 0 0 0 0 0 0 0 0 0 0 0 1 117 1 0.4 1 17 1 1.14 1 15 0 25 2

68 1 0 0 0 0 0 0 0 0 0 0 0 0 0 0 1 24 1 1.3 1 84 1 0.82 1 102 0 25 2

50 1 0 0 0 0 0 0 0 0 0 0 0 0 0 0 1 89 1 0.2 1 10 1 1.13 1 9 0 25 2

50 1 0 0 0 0 0 0 0 0 0 0 0 0 0 0 1 7.6 1 1.7 1 128 1 1.08 1 118 0 25 2

71 0 0 0 0 0 0 0 0 1 0 0 0 0 0 0 1 38 1 0.4 1 37 1 0.74 1 50 0 25 2

39 1 0 0 0 0 0 0 0 0 0 0 0 0 0 0 1 43 1 1.6 1 63 1 0.84 1 75 0 25 2

69 1 0 0 0 0 0 0 0 0 0 0 0 0 0 0 1 6.2 1 1.9 1 89 1 0.94 1 95 0 25 2

44 0 0 0 0 0 0 0 0 0 0 0 0 0 0 0 1 41 1 1.5 1 48 1 1.17 1 41 0 25 2

70 1 0 0 0 0 0 0 0 0 0 0 0 0 0 0 1 34 1 1.5 1 88 1 1.06 1 83 0 25 2

57 1 0 0 0 0 0 0 0 0 0 0 0 0 0 0 1 9.1 0 1.45268 1 101 1 1.12 1 90 0 25 2

35 1 0 0 0 0 0 0 0 1 0 0 0 0 0 0 1 31 1 2.6 1 46 1 1 1 46 0 25 2

50 0 0 0 0 0 0 0 0 0 0 0 0 0 0 0 1 151 1 1 1 32 1 1.16 1 28 0 25 2

62 1 0 0 0 0 0 0 0 0 0 0 0 0 0 0 1 6.6 1 2.2 1 99 1 1.16 1 85 0 25 2

60 0 0 0 0 0 0 0 0 0 0 0 0 0 0 0 1 98 1 0.4 1 5.8 1 0.8 1 7 0 25 2

74 1 0 0 0 0 0 0 0 0 0 0 0 0 0 0 1 6.3 1 1.7 1 146 1 1.22 1 119 0 25 2

67 1 0 0 0 0 0 0 0 0 0 0 0 0 0 0 1 51 1 0.4 1 12 1 1.26 1 10 0 25 2

44 0 0 0 0 0 0 0 0 0 0 0 0 0 0 0 1 45 1 1.4 1 39 1 1.16 1 33 0 25 2

28 1 0 0 0 0 0 0 0 0 0 0 0 0 0 0 1 139 1 0.9 1 36 1 0.9 1 40 0 25 2

35 0 0 0 0 0 0 0 0 0 0 0 0 0 0 0 1 28 1 2.5 0 69.2939 0 1.01217 0 69.6007 0 25 2

43 1 0 0 0 0 0 0 0 1 0 0 0 0 0 1 1 6.5 1 1.8 1 60 1 0.89 1 67 0 25 2

53 1 0 0 0 0 0 0 0 0 0 0 0 0 0 0 1 183 1 1.4 1 14 1 1.31 1 11 0 25 2

74 1 0 0 0 0 0 0 1 0 0 0 0 0 0 0 1 6.9 0 1.45268 1 97 1 0.87 1 112 0 25 2

42 1 0 0 0 0 0 0 0 0 0 0 0 0 0 0 1 6.1 1 2.2 1 74 0 1.01217 0 69.6007 0 25 2

73 0 0 0 0 0 0 0 0 0 0 0 0 0 0 0 1 8 1 1.3 1 101 1 0.93 1 108 0 25 2

65 0 0 0 0 0 0 0 0 0 0 0 0 0 0 0 1 10 1 2 1 78 0 1.01217 0 69.6007 0 25 2

68 1 0 0 0 0 0 0 0 0 0 0 0 0 0 0 1 28 1 1.8 1 72 1 0.87 1 82 0 25 2

59 1 0 0 0 0 0 0 0 0 0 0 0 0 0 0 1 7.1 1 2.1 1 79 1 0.96 1 83 0 25 2

76 0 0 0 0 0 0 0 0 0 0 0 0 0 0 0 1 7.5 1 2.1 1 89 1 1.14 1 78 0 25 2

68 0 0 0 0 0 0 0 0 0 0 0 0 0 0 0 1 55 1 0.6 1 15 1 0.89 1 17 0 25 2

61 1 0 0 0 0 0 0 0 0 1 0 0 0 0 0 1 6.4 1 2.4 1 141 1 1.26 1 112 0 25 2

60 1 0 0 0 0 0 0 0 0 0 0 0 0 0 0 1 151 1 1.4 1 42 1 1.06 1 39 0 25 2

32 0 0 0 0 0 0 0 0 0 0 0 0 0 0 1 1 8.1 1 2.5 1 90 1 0.95 1 95 0 25 2

37 1 0 0 0 0 0 0 0 0 0 0 0 0 0 0 1 12 1 2.4 1 84 1 1.24 1 68 0 25 2

84 1 0 0 0 0 0 0 0 0 0 0 0 0 0 0 1 12 0 1.45268 1 101 1 1.08 1 94 0 25 2

83 1 0 0 0 0 0 0 0 0 1 0 0 0 0 0 1 8.3 1 2.1 1 104 1 1.06 1 97 0 25 2

2 0 0 0 0 0 0 0 0 0 0 0 0 0 0 0 1 472 1 1.7 1 34 1 1.17 1 29 0 25 2

27 1 0 0 0 0 0 0 0 0 0 0 0 0 0 0 1 15 1 1.6 1 82 1 0.82 1 100 0 25 2

60 1 0 0 0 0 0 0 0 1 0 0 0 0 0 0 1 8.9 0 1.45268 1 75 1 0.97 1 77 0 25 2

77 1 0 0 0 0 0 0 0 0 0 0 0 0 0 0 1 6.2 1 1.2 1 89 1 0.74 1 121 0 25 2

34 0 0 0 0 0 0 0 0 0 0 0 0 1 0 0 1 7.8 1 2 1 95 1 0.99 1 96 0 25 2

47 1 0 0 0 0 0 0 0 0 0 0 0 0 0 0 1 11 1 2.6 1 91 0 1.01217 0 69.6007 0 25 2

75 1 0 0 0 0 0 0 0 0 0 0 0 0 0 0 1 10 1 1.6 1 90 1 0.89 1 101 0 25 2

51 1 0 0 0 0 0 0 0 1 0 0 0 0 0 0 1 58 0 1.45268 1 77 1 1.11 1 69 0 25 2

61 1 0 0 0 0 0 0 0 0 0 0 0 0 0 0 1 6.2 1 2.3 1 118 1 1.3 1 91 0 25 2

35 1 0 0 0 0 0 0 0 0 1 0 0 0 0 0 1 230 1 1.5 1 36 1 1.34 1 27 0 25 2

19 1 0 0 0 0 0 0 0 0 0 0 0 0 0 0 1 9 0 1.45268 1 95 1 0.87 1 110 0 25 2

36 1 0 0 0 0 0 0 0 0 0 0 0 0 0 0 1 22 1 0.2 1 4 1 1.01 1 4 0 25 2

59 1 0 0 0 0 0 0 1 0 0 0 0 0 0 0 1 9.7 0 1.45268 1 81 1 0.96 1 84 0 25 2

29 1 0 0 0 0 0 1 0 0 0 0 0 0 0 0 1 24 0 1.45268 1 63 1 1.2 1 53 0 25 2

55 0 0 0 0 0 0 0 0 0 0 0 0 0 0 0 1 60 1 0.7 1 14 1 1.11 1 13 0 25 2

28 1 0 0 0 0 0 0 0 0 0 0 0 0 0 0 1 47 1 0.2 1 2 1 0.84 1 2 0 25 2

42 1 0 0 0 0 0 0 0 0 0 0 0 0 0 0 1 13 1 1.9 1 61 1 0.82 1 74 0 25 2

40 1 0 0 0 0 0 0 0 0 0 0 0 0 0 0 1 7.2 1 2.3 1 111 1 0.99 1 112 0 25 2

26 1 0 1 0 0 0 0 0 0 0 0 0 0 0 0 1 9.2 1 1.6 1 104 1 1.12 1 93 0 25 2

7 0 0 0 0 0 0 0 0 0 0 0 0 0 0 0 1 15 0 1.45268 1 137 1 1.03 1 133 0 25 2

68 1 0 0 0 0 0 0 0 1 0 0 0 0 0 0 1 19 0 1.45268 1 93 1 1.2 1 77 0 25 2

42 0 0 0 0 0 0 0 0 0 0 0 0 0 0 0 1 6.8 1 1.2 1 44 1 0.87 1 51 0 25 2

63 0 0 0 0 0 0 0 0 0 0 0 0 0 0 0 1 108 1 0.4 1 14 1 0.98 1 14 0 25 2

55 1 0 0 0 0 0 0 0 0 0 0 0 0 0 0 1 9.2 1 1.8 1 87 1 1.04 1 84 0 25 2

31 1 0 0 0 0 0 0 0 0 0 0 0 0 0 0 1 188 1 1.3 1 63 1 1.19 1 53 0 25 2

71 0 0 0 0 0 0 0 0 0 0 0 0 0 0 0 1 8 0 1.45268 1 66 1 0.66 1 100 0 25 2

7 1 0 0 0 0 0 0 0 0 0 0 0 0 0 0 1 7.3 1 1.6 1 64 1 0.97 1 66 0 25 2

60 0 1 0 0 0 0 0 0 1 0 0 0 0 0 0 1 30.5 1 1 1 32 1 0.63 1 51 0 25 2

67 1 0 0 0 0 0 0 0 0 0 0 0 0 0 0 1 46 1 1 1 48 1 0.98 1 49 0 25 2

84 1 0 0 0 0 0 0 0 0 0 0 0 0 0 0 1 17 0 1.45268 1 35 1 0.83 1 42 0 25 2

25 1 0 0 0 0 0 0 0 0 0 0 0 0 0 0 1 468 1 0.7 1 21 1 1.1 1 19 0 25 2

59 1 0 0 0 0 0 0 0 0 0 0 0 0 0 0 1 11.4 0 1.45268 1 99 1 0.97 1 102 0 25 2

65 0 0 0 0 0 0 0 0 0 0 0 0 0 0 0 1 103 1 1.3 1 31 0 1.01217 0 69.6007 0 25 2

62 1 0 0 0 0 0 0 0 0 0 0 0 0 0 0 1 13 0 1.45268 1 75 1 1.35 1 55 0 25 2

52 0 0 0 0 0 0 0 0 0 0 0 0 0 0 0 1 9.2 1 2.2 1 72 1 1.08 1 66 0 25 2

67 1 0 0 0 0 0 0 0 0 0 0 0 0 0 0 1 52 1 1.2 1 65 1 0.92 1 71 0 25 2

86 1 0 0 0 0 0 0 0 0 0 0 0 0 0 0 1 13 0 1.45268 1 87 1 0.92 1 94 0 25 2

68 0 0 0 0 1 0 0 0 0 0 0 0 0 0 0 1 6.7 1 1.4 1 101 0 1.01217 0 69.6007 0 25 2

37 1 0 0 0 0 0 0 1 0 0 0 0 0 0 0 1 25 0 1.45268 1 71 1 1.04 1 68 0 25 2

71 1 0 0 0 0 0 0 0 1 0 0 0 0 0 0 1 9.4 1 1.4 1 77 1 0.89 1 87 0 25 2

54 0 0 0 0 0 0 0 0 0 1 0 0 0 0 0 1 16 1 1.5 1 60 1 0.78 1 77 0 25 2

65 1 0 0 0 0 0 0 0 1 0 0 0 0 0 0 1 12 0 1.45268 1 99 1 1.14 1 87 0 25 2

25 1 0 0 0 0 0 0 0 0 0 0 0 0 0 0 1 26.4 1 2.3 1 73 1 1.09 1 67 0 25 2

83 1 0 0 0 0 0 0 0 0 0 0 0 0 0 0 1 7 0 1.45268 1 71 1 0.78 1 90 0 25 2

83 0 0 0 0 0 0 0 0 0 0 0 0 0 0 0 1 19 0 1.45268 1 148 1 1.11 1 134 0 25 2

28 1 0 0 0 0 0 0 0 0 0 0 0 0 0 0 1 7.1 1 1.7 1 96 1 0.89 1 108 0 25 2

65 1 0 0 0 0 0 0 0 0 0 0 0 0 0 0 1 55 1 0.7 1 15 1 1.08 1 14 0 25 2

40 1 0 0 0 0 0 0 0 0 0 0 0 1 0 0 1 12 1 2.1 1 81 1 1.09 1 74 0 25 2

29 1 0 0 0 0 0 0 0 0 0 0 0 0 0 0 1 7 0 1.45268 1 112 1 1.08 1 103 0 25 2

74 0 0 0 0 0 0 0 0 0 0 0 0 0 0 0 1 22 1 1.2 1 71 1 1.11 1 64 0 25 2

25 0 0 0 0 0 0 0 0 0 0 0 0 0 0 0 1 236 1 0.2 1 16 1 0.94 1 17 0 25 2

63 0 0 0 0 0 0 0 0 0 0 0 0 0 0 0 1 33 1 1.5 1 128 0 1.01217 0 69.6007 0 25 2

40 0 0 0 0 0 0 0 0 0 0 0 0 0 0 0 1 34 1 1.7 1 78 1 0.9 1 87 0 25 2

28 1 0 0 0 0 0 0 0 0 0 0 0 0 0 0 1 6.1 1 2.2 1 136 1 1.24 1 110 0 25 2

79 1 0 0 0 0 0 0 0 0 0 0 0 0 0 0 1 6.8 0 1.45268 1 144 1 1.29 1 111 0 25 2

23 1 0 0 0 0 0 0 0 0 1 1 0 0 0 0 1 7.9 1 2.2 1 104 1 1.07 1 97 0 25 2

50 0 0 0 0 0 0 0 0 0 1 0 0 0 0 0 1 13 1 1.3 1 86 1 0.87 1 99 0 25 2

18 1 1 0 0 0 0 0 0 0 0 0 0 0 0 0 1 478 0 1.45268 1 45 1 1.3 1 34 0 25 2

55 1 0 0 0 0 0 0 0 0 0 0 0 0 0 0 1 9.3 1 1.9 1 85 1 1.07 1 80 0 25 2

63 1 0 0 0 0 0 0 1 0 0 0 0 0 0 0 1 42 1 1.6 1 60 1 0.93 1 64 0 25 2

33 1 0 0 0 0 0 0 0 0 0 0 0 0 0 0 1 6.9 0 1.45268 1 85 1 0.89 1 95 0 25 2

38 1 0 0 0 0 0 0 0 0 0 0 0 0 0 0 1 44 1 1.7 1 59 1 1.04 1 57 0 25 2

37 0 0 0 0 0 0 0 0 0 0 0 0 0 0 0 1 12 0 1.45268 1 68 1 0.62 1 111 0 25 2

19 0 0 0 0 0 0 0 0 0 0 0 0 0 0 0 1 58 0 1.45268 1 74 1 0.9 1 82 0 25 2

69 1 0 0 0 0 0 0 0 0 0 0 0 0 0 0 1 26 1 2 1 89 1 1.5 1 59 0 25 2

63 1 0 0 0 0 0 0 0 0 0 0 0 0 0 0 1 70 0 1.45268 1 63 1 1.19 1 53 0 25 2

37 1 0 0 0 0 0 0 0 0 0 0 0 0 0 0 1 55 1 0.9 1 45 1 1.04 1 43 0 25 2

52 1 1 0 0 0 0 0 0 0 0 0 0 0 0 0 1 44 1 2.5 1 66 1 1.22 1 54 0 25 2

53 1 0 0 0 0 0 0 0 0 0 0 0 0 0 0 1 60 1 0.3 1 13 1 0.99 1 13 0 25 2

26 1 0 1 0 0 0 0 0 0 0 0 0 0 0 0 1 9.4 0 1.45268 1 70 1 0.95 1 74 0 25 2

18 1 0 0 0 0 0 0 0 0 0 0 0 0 0 0 1 12 0 1.45268 1 142 1 1.37 1 104 0 25 2

42 0 0 0 0 0 0 0 0 0 0 0 0 0 0 0 1 52 1 0.8 1 28 1 0.86 1 33 0 25 2

27 1 0 0 0 0 0 0 0 0 0 0 0 0 0 0 1 13 0 1.45268 1 87 1 0.85 1 103 0 25 2

82 0 0 0 0 0 0 0 0 0 0 0 0 0 0 1 1 6.6 1 1.6 1 92 1 1 1 91 0 25 2

16 1 0 0 0 0 0 0 0 0 0 0 0 0 0 0 1 9.7 0 1.45268 1 98 1 1.3 1 76 0 25 2

16 1 0 0 0 0 0 0 0 1 0 0 0 0 0 0 1 6.2 0 1.45268 1 108 1 1.14 1 94 0 25 2

88 1 0 0 0 0 0 0 0 0 0 0 0 0 0 0 1 13 0 1.45268 1 123 1 0.99 1 124 0 25 2

61 1 0 0 0 0 0 0 0 0 0 0 0 0 0 0 1 6.9 0 1.45268 1 126 1 1.36 1 93 0 25 2

40 1 0 0 0 0 0 0 0 0 0 0 0 0 0 0 1 12 0 1.45268 1 97 1 1.01 1 97 0 25 2

34 1 0 0 0 0 0 0 0 0 0 0 0 0 0 0 1 6.2 0 1.45268 1 116 1 1.13 1 103 0 25 2

76 1 0 0 0 0 0 0 0 0 0 0 0 0 0 0 1 11 1 0.8 1 60 1 1.04 1 58 0 25 2

29 1 0 0 0 0 0 0 0 0 0 0 0 0 0 0 1 6.1 1 2.8 1 111 1 1.31 1 85 0 25 2

45 0 0 0 0 0 0 0 0 0 0 0 0 0 0 0 1 61 1 0.6 1 23 1 0.87 1 26 0 25 2

59 1 0 0 0 0 0 0 0 0 0 0 0 0 0 0 1 7.7 1 1.8 1 111 1 1.07 1 104 0 25 2

56 1 0 0 0 0 0 0 0 0 0 0 0 0 0 0 1 27 0 1.45268 1 74 1 1.01 1 74 0 25 2

38 1 0 0 0 0 0 0 0 0 0 0 0 0 0 0 1 19 1 1.2 1 102 0 1.01217 0 69.6007 0 25 2

63 1 0 0 0 0 0 0 0 0 0 0 0 0 0 0 1 33 1 1.9 1 65 1 0.94 1 70 0 25 2

77 1 0 0 0 0 0 0 0 0 1 0 0 0 0 0 1 12 1 1.7 1 123 1 1.03 1 120 0 25 2

61 1 0 0 0 1 0 0 0 0 0 0 0 0 0 0 1 29 1 1.5 1 61 1 0.96 1 64 0 25 2

16 1 1 0 0 0 0 0 0 0 0 0 0 1 0 0 1 29 1 1.9 1 58 1 1.03 1 56 0 25 2

85 1 0 0 0 0 0 0 0 0 0 0 0 0 0 0 1 114 1 0.3 1 24 1 0.61 1 39 0 25 2

75 0 0 0 0 0 0 0 0 0 0 0 0 0 0 0 1 49 1 0.3 1 5 1 1.17 1 4 0 25 2

43 1 0 0 0 0 0 0 0 0 0 0 0 0 0 0 1 8.3 1 1.9 1 95 1 1.17 1 81 0 25 2

65 1 0 0 0 0 0 0 0 0 0 0 0 0 0 0 1 7 0 1.45268 1 116 1 0.9 1 128 0 25 2

85 1 0 0 0 0 0 0 0 1 0 0 0 0 0 0 1 197 0 1.45268 0 69.2939 0 1.01217 0 69.6007 0 25 2

85 0 0 0 0 0 0 0 0 0 0 0 0 0 0 0 1 197 0 1.45268 1 14 1 0.62 1 23 0 25 2

49 0 0 0 0 0 0 0 0 0 0 0 0 0 0 0 1 96 1 0.4 1 2.9 1 1.2 1 2.4 0 25 2

51 1 0 0 0 0 0 0 0 0 0 0 0 0 0 0 1 131 1 0.3 1 8.4 1 1.01 1 8.3 0 25 2

29 1 0 1 0 0 0 0 0 1 0 0 0 0 0 0 1 20 0 1.45268 1 79 1 1.16 1 68 0 25 2

64 1 0 0 0 0 0 0 0 0 0 0 0 0 0 0 1 8.2 1 1.4 1 127 1 1.11 1 114 0 25 2

72 1 1 0 0 0 0 0 0 0 0 0 0 0 0 0 1 85 1 0.6 1 22 1 1.11 1 20 0 25 2

39 1 0 0 0 1 0 0 0 0 0 0 0 0 0 0 1 7.1 0 1.45268 1 106 1 0.94 1 114 0 25 2

61 1 0 0 0 0 0 0 0 0 0 0 0 0 0 0 1 29 1 2.4 1 58 1 0.98 1 59 0 25 2

21 1 0 0 0 0 0 0 0 1 0 0 0 0 0 0 1 11 1 1.4 1 82 1 0.99 1 83 0 25 2

53 1 0 0 0 0 0 0 0 0 0 0 0 0 0 0 1 31 1 2.6 0 69.2939 0 1.01217 0 69.6007 0 25 2

40 1 0 0 0 0 0 0 0 0 0 0 0 0 0 0 1 6.7 0 1.45268 1 87 1 0.87 1 100 0 25 2

76 1 0 0 0 0 0 0 0 0 0 0 0 0 0 0 1 24 0 1.45268 1 74 1 0.84 1 88 0 25 2

59 0 0 0 0 0 0 0 0 0 0 0 0 0 0 0 1 42 1 0.2 1 14 1 1.17 1 12 0 25 2

54 1 0 0 0 0 0 0 0 1 0 0 0 0 0 0 1 7.2 0 1.45268 1 74 1 0.88 1 84 0 25 2

70 0 0 0 0 0 0 0 0 0 0 0 0 0 0 0 1 6.7 0 1.45268 1 117 1 1.04 1 113 0 25 2

73 1 0 0 0 0 0 0 0 0 0 0 0 0 0 0 1 6.1 1 1.4 1 82 1 0.85 1 97 0 25 2

40 1 0 0 0 0 0 0 0 0 0 0 0 0 0 0 1 6.1 0 1.45268 1 139 1 1.35 1 103 0 25 2

66 1 0 0 0 0 0 0 0 1 0 0 0 0 0 0 1 20 0 1.45268 1 42 1 0.98 1 43 0 25 2

65 1 0 0 0 0 0 0 0 1 0 0 0 0 0 0 1 8.2 1 1.6 1 96 0 1.01217 0 69.6007 0 25 2

51 0 0 0 0 0 0 0 0 0 0 0 0 0 0 0 1 106 1 0.4 1 10 1 1.11 1 8.7 0 25 2

41 0 0 0 0 0 0 0 0 0 0 0 0 0 0 0 1 8 1 1.5 1 72 0 1.01217 0 69.6007 0 25 2

77 1 0 0 1 0 0 0 0 0 0 0 0 0 0 0 1 6.2 1 1.6 1 109 0 1.01217 0 69.6007 0 25 2

67 1 0 0 0 0 0 0 1 0 0 0 0 0 0 0 1 6.9 0 1.45268 1 82 1 0.91 1 90 0 25 2

57 1 0 0 0 0 0 0 0 0 0 0 0 0 0 0 1 7.7 0 1.45268 1 63 1 0.81 1 79 0 25 2

73 0 0 0 0 0 0 0 0 0 0 0 0 0 0 0 1 37 0 1.45268 1 86 1 0.82 1 105 0 25 2

76 0 0 0 0 0 0 0 0 0 0 0 0 0 0 0 1 8.2 0 1.45268 1 125 1 0.81 1 153 0 25 2

80 1 0 0 0 0 0 0 0 0 0 0 0 0 0 0 1 172 0 1.45268 1 29 1 0.84 1 35 0 25 2

42 1 0 0 0 0 0 0 0 1 0 0 0 0 0 0 1 114 1 0.8 1 4.06 1 1.06 1 3.84 0 25 2

25 1 0 0 0 0 0 0 1 0 0 0 0 0 0 0 1 34 0 1.45268 1 14 1 1.03 1 13 0 25 2

28 1 0 0 0 0 0 0 0 0 0 0 0 0 0 0 1 11 0 1.45268 1 106 1 0.97 1 110 0 25 2

66 1 0 0 0 0 0 0 0 1 1 0 0 0 0 0 1 48 1 0.4 1 12 1 1.35 1 9.1 0 25 2

19 1 1 0 0 0 0 0 0 0 0 0 0 0 0 0 1 164 0 1.45268 1 65 1 1.59 1 41 0 25 2

31 1 0 0 0 0 0 0 0 0 0 0 0 0 0 0 1 44 0 1.45268 1 79 1 0.82 1 96 0 25 2

38 1 0 0 0 0 0 0 0 0 0 0 0 0 0 0 1 7.5 0 1.45268 1 76 1 0.95 1 80 0 25 2

51 0 0 0 1 0 0 0 0 0 1 0 0 0 0 0 1 19 1 1.9 1 92 1 0.84 1 110 0 25 2

39 1 0 0 0 0 0 0 0 0 1 0 0 0 0 0 1 8.9 1 1.7 1 97 1 0.88 1 111 0 25 2

46 1 0 0 0 0 0 0 0 0 1 0 0 0 0 0 1 35 1 1.2 1 16 1 0.86 1 19 0 25 2

46 1 0 0 0 0 0 0 0 0 0 0 0 0 0 0 1 8 0 1.45268 1 88 1 0.99 1 89 0 25 2

89 1 0 0 0 0 0 0 0 1 0 0 0 0 0 0 1 14 0 1.45268 0 69.2939 0 1.01217 0 69.6007 0 25 2

67 1 0 0 0 0 0 0 0 1 0 0 0 0 0 0 1 44 0 1.45268 1 31 1 1.04 1 29 0 25 2

77 1 0 0 0 0 0 0 0 0 0 0 0 0 0 0 1 6.6 1 1.3 1 146 1 1.06 1 137 0 25 2

66 1 0 0 0 0 0 0 0 1 0 0 0 0 0 0 1 48 1 0.5 1 4.2 1 1.36 1 3.1 0 25 2

80 1 0 0 0 0 0 0 0 0 0 0 0 0 0 0 1 8.3 0 1.45268 1 115 1 0.86 1 134 0 25 2

44 1 0 0 0 0 0 0 0 0 0 0 0 0 0 0 1 28 0 1.45268 1 85 1 1.01 1 84 0 25 2

58 1 0 0 0 0 0 0 0 0 0 0 0 0 0 0 1 28 0 1.45268 1 86 1 1.02 1 84 0 25 2

52 1 0 0 0 0 0 0 0 0 0 0 0 0 0 0 1 25 0 1.45268 1 33 1 0.96 1 34 0 25 2

57 1 0 0 0 0 0 0 0 0 0 0 0 0 0 1 1 11 1 2.1 1 75 1 1.01 1 74 0 25 2

77 1 0 0 0 0 0 0 0 0 0 0 0 0 0 0 1 141 1 0.05 1 3 1 1.06 1 3 0 25 2

59 1 0 0 0 0 0 0 0 0 0 0 0 0 0 0 1 7 0 1.45268 1 77 1 0.98 1 78 0 25 2

62 0 0 0 0 0 0 0 0 0 0 0 0 0 0 0 1 21 1 1.4 1 88 1 0.77 1 115 0 25 2

82 1 0 0 0 0 0 0 0 0 0 0 0 0 0 0 1 6.2 1 1.5 1 99 1 0.9 1 110 0 25 2

57 0 0 0 0 0 0 0 0 1 0 0 0 0 0 0 1 11 1 2.1 1 134 0 1.01217 0 69.6007 0 25 2

78 0 0 0 0 0 0 0 0 0 0 0 0 0 0 0 1 29 1 2.2 1 103 1 0.9 1 114 1 30 2

66 0 0 0 0 0 0 0 0 0 0 0 0 0 0 0 1 7.5 1 1.7 1 127 1 0.97 1 131 0 25 2

74 1 0 0 0 0 0 0 0 0 0 0 0 0 0 0 1 13 1 1.6 1 128 1 1.01 1 127 0 25 2

57 1 0 0 0 0 0 0 0 0 0 0 0 0 0 0 1 13 1 1.2 1 108 1 0.9 1 120 0 25 2

54 1 0 0 0 0 0 0 0 1 0 0 0 0 0 0 1 10 1 2.2 1 81 1 1.09 1 74 0 25 2

73 1 0 0 0 0 0 0 0 1 0 0 0 0 0 0 1 6.4 0 1.45268 1 97 1 0.87 1 112 0 25 2

52 0 0 0 0 0 0 0 0 0 0 0 0 0 0 0 1 7.7 1 2.6 1 57 1 0.94 1 61 0 25 2

58 0 0 0 0 0 0 0 0 0 0 0 0 0 0 0 1 20 0 1.45268 1 60 1 0.95 1 63 0 25 2

51 0 0 0 0 0 0 0 0 0 0 0 0 0 0 0 1 34 0 1.45268 1 123 1 1.07 1 115 0 25 2

63 0 0 0 0 0 0 0 0 1 0 0 0 0 0 0 1 6.7 1 1.5 1 101 1 0.65 1 155 0 25 2

72 1 0 0 0 0 0 0 0 0 0 0 0 0 0 0 1 17 1 2.7 1 90 1 0.74 1 122 0 25 2

45 1 0 0 0 0 0 0 0 0 0 0 0 0 0 0 1 9.3 1 1.5 1 57 1 0.69 1 83 0 25 2

81 1 0 0 0 0 0 0 0 0 0 0 0 0 0 0 1 6.2 0 1.45268 1 98 1 0.84 1 117 0 25 2

73 1 0 0 0 0 0 0 0 0 1 0 0 0 0 0 1 17 1 1.7 1 112 1 1.16 1 97 0 25 2

45 1 0 0 0 0 0 0 0 0 1 0 0 0 0 0 1 22 0 1.45268 1 65 1 1.15 1 57 0 25 2

66 0 0 0 0 0 0 0 0 0 0 0 0 0 0 0 1 7.1 1 2.3 1 90 1 0.98 1 92 0 25 2

48 1 0 0 0 0 0 0 0 0 0 0 0 0 0 0 1 73 1 2.3 1 87 1 1.12 1 78 0 25 2

33 0 0 0 0 0 0 0 0 0 0 1 0 0 0 0 1 12 1 1.5 1 86 1 1 1 86 0 25 2

54 1 0 0 0 0 0 0 0 0 0 0 0 0 0 0 1 436 0 1.45268 1 12 1 1.01 1 12 0 25 2

61 0 0 0 0 0 0 0 0 0 0 0 0 0 0 0 1 20 0 1.45268 1 104 0 1.01217 0 69.6007 0 25 2

76 1 0 0 1 0 0 0 0 0 0 0 0 0 0 0 1 33 1 2.4 1 64 1 1.16 1 55 0 25 2

26 1 0 0 0 0 0 0 0 1 0 0 0 0 0 0 1 6.5 1 2.3 1 101 1 1.14 1 89 0 25 2

61 1 0 0 0 0 0 0 0 0 0 0 0 0 0 0 1 8 0 1.45268 1 76 1 0.95 1 80 0 25 2

71 1 1 0 0 0 0 0 0 0 0 0 0 0 0 0 1 29 0 1.45268 1 57 1 1.08 1 53 0 25 2

70 1 0 0 0 0 0 0 0 0 0 0 0 0 0 0 1 14 0 1.45268 1 123 1 1.11 1 111 0 25 2

49 0 0 0 0 0 0 0 0 0 0 0 0 0 0 0 1 10 0 1.45268 1 111 1 0.85 1 131 0 25 2

59 1 0 0 0 0 0 0 0 1 0 0 0 0 0 0 1 11 1 1.6 1 120 0 1.01217 0 69.6007 0 25 2

54 1 0 0 0 0 0 0 0 1 0 0 0 0 0 0 1 6.5 1 1.9 1 88 1 1.02 1 86 0 25 2

82 1 0 0 0 0 0 0 0 0 0 0 0 0 0 1 1 73 1 1 1 25 1 0.99 1 25 0 25 2

59 0 0 0 0 0 0 0 0 0 1 0 0 0 0 0 1 7.8 0 1.45268 1 89 1 0.85 1 105 0 25 2

33 0 0 0 0 0 0 0 0 0 0 0 0 0 0 0 1 6.5 1 1.2 1 90 1 0.86 1 105 0 25 2

58 1 0 0 0 0 0 0 0 0 0 1 0 0 0 0 1 6.4 1 2.3 1 85 1 1.06 1 80 0 25 2

60 1 0 0 0 0 0 0 0 0 0 0 0 0 0 0 1 8.1 1 2.1 1 118 1 1.05 1 112 0 25 2

61 0 0 0 0 0 0 0 0 0 0 0 0 0 0 0 1 17 1 1.6 1 89 1 0.69 1 129 1 18 2

83 1 0 0 0 0 0 0 0 0 0 0 0 0 0 0 1 12 1 1.5 1 94 1 0.94 1 100 0 25 2

41 0 0 0 0 0 0 0 0 0 0 1 0 0 0 0 1 8.4 0 1.45268 1 94 1 0.84 1 112 0 25 2

58 1 0 0 0 0 0 0 0 0 0 0 0 0 0 0 1 6.9 1 1.5 1 91 1 0.95 1 96 0 25 2

49 1 0 0 0 1 0 0 0 1 0 0 0 0 0 0 1 32 1 2.1 1 82 1 0.73 1 112 0 25 2

56 1 0 0 0 0 0 0 0 1 0 0 0 0 0 0 1 13 1 2.5 1 77 1 0.95 1 81 0 25 2

52 0 0 0 0 0 0 0 0 0 0 0 0 0 0 0 1 11.9 1 2.6 1 79 1 0.9 1 88 0 25 2

68 1 0 0 0 0 0 0 0 0 0 0 0 0 0 0 1 66 0 1.45268 1 28 1 1.07 1 26 0 25 2

71 0 0 0 0 0 0 0 0 0 0 0 0 0 0 0 1 6.3 1 1.4 1 66 1 0.64 1 103 0 25 2

64 0 0 0 0 0 0 0 0 0 0 0 0 0 0 0 1 9.3 1 2.5 1 92 0 1.01217 0 69.6007 0 25 2

46 0 0 0 0 0 0 0 0 0 0 0 0 0 0 0 1 27 1 2.5 1 91 1 0.87 1 105 1 28 2

81 1 0 0 0 0 0 0 0 0 0 0 0 0 0 0 1 494 1 0.5 1 12 1 1.39 1 9 0 25 2

53 1 0 0 0 0 0 0 0 0 0 0 0 0 0 0 1 16 0 1.45268 1 107 1 1.35 1 79 0 25 2

74 1 0 0 0 0 0 0 0 1 0 0 0 0 0 0 1 22 1 2 1 89 1 1.1 1 81 0 25 2

52 1 0 0 0 0 0 1 1 0 0 0 0 0 0 0 1 62 0 1.45268 1 2.5 1 1.19 1 2.5 0 25 2

75 1 0 0 0 0 0 0 0 0 0 0 0 0 0 0 1 6.6 1 1.4 1 115 1 0.94 1 122 0 25 2

48 1 0 0 0 0 0 0 0 0 1 0 0 0 0 0 1 6.6 1 1.5 1 111 1 0.86 1 129 0 25 2

33 1 0 0 0 0 0 0 0 0 0 0 0 0 0 0 1 393 0 1.45268 1 15 1 1.17 1 13 0 25 2

73 1 0 0 0 0 0 0 0 0 0 0 0 0 0 0 1 15 1 2 1 80 1 0.83 1 96 0 25 2

62 1 0 0 0 0 0 0 0 0 0 0 0 0 0 0 1 58 0 1.45268 1 36 1 1.01 1 36 0 25 2

59 1 0 0 0 0 0 0 0 0 0 0 0 0 0 0 1 6.8 1 1.9 1 90 1 0.98 1 92 0 25 2

62 1 0 0 0 0 0 0 0 0 0 0 0 0 0 0 1 7.9 1 1.8 1 93 0 1.01217 0 69.6007 0 25 2

76 1 0 0 0 0 0 0 0 0 0 0 0 0 0 0 1 9.3 0 1.45268 1 107 1 1.13 1 95 0 25 2

65 1 0 0 0 0 0 0 0 0 0 0 0 0 0 0 1 11 0 1.45268 1 73 1 0.78 1 94 0 25 2

49 0 0 0 0 0 0 0 1 0 0 0 0 0 0 0 1 20 0 1.45268 1 5 1 1 1 5 0 25 2

43 1 0 1 0 0 0 0 0 0 0 0 0 0 0 0 1 7.2 1 2.3 1 81 1 0.99 1 82 0 25 2

47 1 0 0 0 0 0 0 0 0 0 0 0 0 0 0 1 11 1 2.1 1 95 1 1.07 1 89 0 25 2

34 0 0 0 0 0 0 0 0 0 0 1 0 0 0 0 1 10 1 2.2 1 86 1 0.91 1 95 0 25 2

53 1 0 0 0 0 0 0 0 0 0 0 0 0 0 0 1 14 1 1.3 1 77 1 0.94 1 82 0 25 2

78 1 0 0 0 0 0 0 0 0 0 0 0 0 0 0 1 38 1 1.4 1 74 1 0.98 1 76 0 25 2

62 1 0 0 0 0 0 0 1 0 0 0 0 0 0 0 1 6.5 0 1.45268 1 110 1 1.41 1 78 0 25 2

16 1 1 0 0 0 0 0 0 0 0 0 0 0 0 0 1 252 1 1.7 1 5 1 1.08 1 5 0 25 2

84 1 0 0 0 0 0 0 0 0 0 0 0 0 0 0 1 7.8 1 1.2 1 83 1 0.69 1 121 0 25 2

56 0 0 0 0 0 0 0 0 0 0 0 0 0 0 0 1 12 1 1.4 1 67 1 0.71 1 94 0 25 2

1 0 0 0 0 0 0 0 0 0 0 0 0 0 0 0 1 16 1 2.7 1 150 1 1.09 1 138 0 25 2

80 1 0 0 0 0 0 0 0 0 0 0 0 0 0 0 1 8.4 1 1.3 1 68 1 0.9 1 76 0 25 2

49 1 0 0 0 0 0 0 0 0 0 0 0 0 0 0 1 8.2 1 2.1 1 79 1 0.89 1 89 0 25 2

24 1 0 0 0 0 0 0 0 0 0 0 0 0 0 0 1 7.2 1 1.6 1 85 1 0.91 1 93 0 25 2

56 0 0 0 0 0 0 0 0 0 0 0 0 0 0 0 1 14 1 1.9 1 94 1 0.86 1 109 0 25 2

60 1 0 0 0 0 0 0 0 0 0 0 0 0 0 0 1 11 1 2.3 1 91 1 0.96 1 95 0 25 2

38 1 0 0 0 0 0 0 0 0 0 0 0 0 0 0 1 7.3 1 1.7 1 95 0 1.01217 0 69.6007 0 25 2

56 0 0 0 0 0 0 0 0 0 0 0 0 0 0 0 1 8.9 1 1.2 1 109 1 0.93 1 117 0 25 2

74 1 0 0 0 0 0 0 0 0 0 0 0 0 0 0 1 10 1 1.5 1 100 1 0.87 1 115 0 25 2

61 1 0 0 0 0 0 0 0 0 0 0 0 0 0 0 1 106 1 0.3 1 5 1 1.11 1 4.5 0 25 2

54 1 0 0 0 0 0 0 0 1 0 0 0 0 0 0 1 14 1 2 1 62 1 0.9 1 69 0 25 2

71 1 0 0 0 0 0 0 0 0 0 0 0 0 0 0 1 18 1 1.9 1 97 1 0.93 1 104 0 25 2

56 1 0 0 0 0 0 0 0 0 0 0 0 0 0 0 1 44 1 1.6 1 28 1 0.97 1 29 0 25 2

60 1 0 0 0 0 0 0 0 0 0 0 0 0 0 0 1 27 1 1.2 1 139 1 1.09 1 128 1 21 2

58 1 0 0 0 0 0 0 0 0 0 0 0 1 0 0 1 59 1 1.9 1 38 1 1.13 1 34 0 25 2

65 0 0 0 0 0 0 0 0 0 0 0 0 0 0 0 1 7.7 1 1.4 1 79 1 0.92 1 86 0 25 2

61 1 0 0 0 0 0 1 0 0 0 0 0 0 0 0 1 118 0 1.45268 1 18 1 1.05 1 17 0 25 2

74 1 0 0 0 0 0 0 0 0 0 0 0 0 0 0 1 9.3 1 2.4 1 117 1 1.07 1 108 0 25 2

91 1 0 0 0 1 0 0 0 0 0 0 0 0 0 0 1 11 0 1.45268 1 82 1 0.88 1 93 0 25 2

87 1 0 0 0 0 0 0 0 1 0 0 0 0 0 0 1 176 0 1.45268 1 52 1 1.23 1 42 0 25 2

32 1 0 0 0 0 0 0 0 0 0 0 0 0 0 0 1 16 1 1.6 1 62 1 0.88 1 71 0 25 2

61 1 0 0 0 0 0 0 0 0 0 0 0 0 0 0 1 7.8 0 1.45268 1 72 1 0.93 1 77 0 25 2

70 1 0 0 0 0 0 0 0 0 0 0 0 0 0 0 1 20 0 1.45268 1 72 1 0.96 1 75 0 25 2

35 1 0 0 0 0 0 0 0 0 0 0 0 0 0 0 1 31 0 1.45268 1 67 1 0.92 1 73 0 25 2

78 1 0 0 0 0 0 0 0 0 0 0 0 0 0 0 1 191 1 0.8 1 5 1 1.03 1 4.85 0 25 2

40 0 0 0 0 0 0 0 0 0 0 0 0 0 0 0 1 73 0 1.45268 1 43 1 0.87 1 49 0 25 2

66 0 0 0 0 0 0 0 0 0 0 0 0 0 0 0 1 12 1 2.2 1 96 0 1.01217 0 69.6007 0 25 2

61 1 0 0 0 0 0 0 0 0 0 0 0 0 0 0 1 65 0 1.45268 1 51 1 1.05 1 49 0 25 2

83 1 0 0 0 0 0 0 0 0 0 0 0 0 0 0 1 170 0 1.45268 1 29 1 1.03 1 28 0 25 2

71 1 0 0 0 0 0 0 0 0 1 0 0 0 0 0 1 9.9 1 1.8 1 89 1 0.99 1 90 0 25 2

76 1 0 0 0 0 0 0 0 0 0 0 0 0 0 0 1 12 1 1.5 1 126 1 0.95 1 133 0 25 2

21 0 0 0 0 0 0 0 0 0 0 0 0 0 0 0 1 22 1 1.5 1 107 1 0.91 1 118 0 25 2

1 0 0 0 0 0 0 0 0 0 1 0 0 0 0 0 1 6.5 0 1.45268 1 133 1 1.26 1 106 0 25 2

33 1 0 0 0 0 0 0 0 1 0 0 0 0 0 0 1 41 0 1.45268 1 95 1 1.02 1 93 0 25 2

33 1 0 0 0 0 0 0 0 0 0 0 0 1 0 0 1 6.7 0 1.45268 1 90 1 1.02 1 88 0 25 2

73 1 0 0 0 0 0 0 0 0 1 0 0 0 0 0 1 7.3 1 2.1 1 139 1 1.15 1 121 0 25 2

58 1 0 0 0 0 0 0 0 0 0 0 0 0 0 0 1 6.4 0 1.45268 1 117 1 1.04 1 113 0 25 2

55 1 0 0 0 0 0 0 0 0 0 1 0 0 0 0 1 7.2 0 1.45268 1 106 1 0.83 1 128 0 25 2

66 0 0 0 0 0 0 0 0 0 0 0 0 0 0 0 1 8.9 0 1.45268 1 119 1 1.19 1 100 0 25 2

21 0 0 0 0 0 0 0 0 0 0 0 0 0 0 0 1 8.5 1 1.6 1 112 1 0.91 1 123 0 25 2

66 1 0 0 0 0 0 0 0 0 0 0 0 0 0 0 1 7.8 0 1.45268 1 77 1 0.76 1 101 0 25 2

31 1 1 0 0 0 0 0 0 0 0 0 0 0 0 0 1 166 1 0.6 1 32 1 1.04 1 31 0 25 2

64 1 0 0 0 0 0 0 0 0 0 0 0 0 0 0 1 6.2 1 2 1 73 1 1 1 73 0 25 2

63 1 0 0 0 0 0 0 0 0 0 0 0 0 0 0 1 7.3 0 1.45268 1 142 1 1.26 1 113 0 25 2

48 1 0 0 0 0 0 0 0 0 0 0 0 1 0 0 1 20 1 2.8 1 74 0 1.01217 0 69.6007 0 25 2

26 1 0 0 0 0 0 0 0 0 0 0 0 0 0 0 1 460 1 0.5 1 22 1 1.38 1 16 0 25 2

72 1 0 0 0 0 0 0 0 1 0 0 0 0 0 0 0 44.8767 1 1 1 16 1 1.1 1 15 0 25 2

72 1 0 0 0 0 0 0 0 1 0 0 0 0 0 0 1 192 0 1.45268 0 69.2939 0 1.01217 0 69.6007 0 25 2

87 1 0 0 0 0 0 0 0 0 0 0 0 0 0 0 1 14 0 1.45268 1 89 1 1.01 1 88 0 25 2

61 1 0 0 0 0 0 0 0 1 0 0 0 0 0 0 1 109 1 1.3 1 44 1 0.98 1 45 0 25 2

56 1 0 0 0 0 0 0 0 0 0 0 0 0 0 0 1 15 1 2.1 1 133 1 0.97 1 137 0 25 2

34 0 0 0 0 0 0 0 0 0 0 0 0 0 0 0 1 11 0 1.45268 1 69 1 0.96 1 72 0 25 2

24 1 0 0 0 0 0 0 0 1 0 0 0 0 0 0 1 11 1 1.9 1 92 1 0.84 1 110 0 25 2

80 1 0 0 0 0 0 0 0 0 0 0 0 0 0 0 1 6.1 0 1.45268 1 116 1 0.94 1 123 0 25 2

71 1 0 0 0 0 0 0 0 0 0 0 0 0 0 0 1 11 1 1.3 1 81 1 0.91 1 89 0 25 2

59 1 0 0 0 0 0 0 0 0 0 0 0 0 0 0 1 47 0 1.45268 1 19 1 0.94 1 20 0 25 2

54 1 0 0 0 0 0 0 0 1 0 0 0 0 0 0 1 40 1 1.9 1 48 1 0.79 1 61 0 25 2

67 1 0 0 0 0 0 0 0 0 0 0 0 0 0 0 1 8.1 0 1.45268 1 110 1 0.91 1 121 0 25 2

85 1 0 0 0 0 0 0 0 0 1 0 0 0 0 0 1 13 0 1.45268 1 120 1 0.88 1 136 0 25 2

67 0 0 0 0 0 0 0 0 0 0 0 0 0 0 0 1 7.6 0 1.45268 1 107 1 1.02 1 105 0 25 2

33 1 0 0 0 0 0 0 0 0 0 0 0 0 0 0 1 6.6 0 1.45268 1 114 1 0.93 1 123 0 25 2

66 0 0 0 0 0 0 0 0 0 0 0 0 0 0 0 1 8.3 0 1.45268 1 94 1 0.95 1 99 0 25 2

56 1 0 0 0 0 0 0 0 0 1 0 0 0 0 0 1 65 0 1.45268 1 49 1 0.95 1 52 0 25 2

60 0 0 0 0 0 0 0 0 0 0 0 0 0 0 0 1 7 0 1.45268 1 96 1 0.93 1 103 0 25 2

86 1 0 0 0 0 0 0 0 0 0 0 0 0 0 0 1 6.7 1 1.6 1 121 1 0.88 1 138 0 25 2

65 0 0 0 0 1 0 0 0 0 0 0 0 0 0 0 1 23 0 1.45268 1 78 1 0.92 1 85 0 25 2

26 0 0 0 0 0 0 0 1 0 0 0 0 0 0 0 1 198 0 1.45268 1 5 1 0.95 1 5.5 0 25 2

64 1 0 0 0 0 0 0 0 1 0 0 0 0 0 0 1 38 1 1.2 1 60 1 1.03 1 58 0 25 2

21 1 0 0 0 0 0 0 0 0 0 0 0 0 0 0 1 9.5 1 2.1 1 140 1 1.49 1 94 0 25 2

41 1 0 0 0 0 0 0 0 0 0 0 0 0 0 0 1 7.3 0 1.45268 1 127 1 0.9 1 141 0 25 2

69 0 0 0 0 0 0 0 0 1 0 0 0 0 0 0 1 24 0 1.45268 1 75 1 0.84 1 89 0 25 2

59 1 0 0 0 0 0 0 0 0 0 0 0 0 0 0 1 73 0 1.45268 1 43 1 0.85 1 51 0 25 2

62 1 0 0 0 0 0 0 0 1 0 0 0 0 0 0 1 7.5 0 1.45268 1 81 1 1.03 1 79 0 25 2

63 1 0 0 0 1 0 0 0 0 0 0 0 0 0 0 1 22 0 1.45268 1 88 1 1.1 1 80 0 25 2

59 1 0 0 0 0 0 0 0 0 0 0 0 0 0 0 1 13 0 1.45268 1 64 1 0.97 1 66 0 25 2

72 1 0 0 0 0 0 0 0 0 1 0 0 0 0 0 1 13.7 0 1.45268 1 67 1 0.75 1 89 0 25 2

31 1 0 0 0 0 0 0 0 0 0 0 0 0 0 0 1 20 1 2.5 1 58 1 1.07 1 54 0 25 2

80 1 0 0 0 0 0 0 0 0 0 0 0 0 0 0 1 18 1 2 1 76 1 1.08 1 70 0 25 2

31 1 1 0 0 0 0 0 0 0 0 0 0 0 0 0 1 49 0 1.45268 1 87 1 1.35 1 64 0 25 2

54 1 0 0 0 0 0 0 0 1 0 0 0 0 0 0 1 22 1 1.5 1 52 1 0.84 1 62 0 25 2

68 0 0 0 0 0 0 0 0 0 0 0 0 0 0 0 1 9.4 0 1.45268 1 34 1 0.63 1 54 0 25 2

56 0 0 0 0 0 0 0 0 0 0 0 0 0 0 0 1 74 1 0.5 1 5 1 0.93 1 5.5 0 25 2

85 1 0 0 0 0 0 0 0 0 1 0 0 0 0 0 1 32 0 1.45268 1 55 1 0.89 1 62 0 25 2

66 1 0 0 0 0 0 0 0 0 0 0 0 0 0 0 1 53 1 1.6 1 113 1 1.29 1 88 0 25 2

59 1 1 0 0 0 0 0 0 0 0 0 0 0 0 0 1 30 1 1.1 1 45 1 0.91 1 49 0 25 2

78 1 0 0 0 0 0 0 0 0 0 0 0 0 0 0 1 6.3 0 1.45268 1 59 1 0.98 1 60 0 25 2

58 1 0 0 0 0 0 0 0 0 0 0 0 0 0 0 1 20 0 1.45268 1 39 1 1 1 39 0 25 2

19 1 0 0 0 0 0 0 0 0 0 0 0 0 0 0 1 500 1 0.5 1 5 1 1.19 1 4 0 25 2

61 1 0 0 0 0 0 0 0 0 0 0 0 0 0 0 1 9.1 0 1.45268 1 82 1 0.84 1 98 0 25 2

66 0 0 0 0 0 0 0 0 0 0 0 0 0 0 0 1 6.9 0 1.45268 1 95 1 1.05 1 90 0 25 2

65 0 0 0 0 0 0 0 0 0 0 0 0 0 0 0 1 7.2 1 1.7 1 81 1 0.9 1 90 0 25 2

52 0 0 0 0 0 0 0 0 0 0 0 0 0 0 0 1 9.6 1 1.2 1 126 1 0.9 1 140 0 25 2

71 1 0 0 0 0 0 0 0 1 0 0 0 0 0 0 1 23 1 1.8 1 87 1 0.96 1 91 0 25 2

72 1 0 0 0 0 0 0 0 0 0 0 0 0 0 0 1 21 0 1.45268 1 60 1 1.17 1 51 0 25 2

69 1 0 0 0 0 0 0 0 0 0 0 0 0 0 0 1 6.9 0 1.45268 1 109 1 1.03 1 106 0 25 2

51 1 0 0 0 0 0 0 0 0 0 0 0 0 0 0 1 106 1 0.6 1 5 1 0.89 1 5.5 0 25 2

66 1 0 0 0 0 0 0 0 0 0 0 0 0 0 0 1 85 1 1.8 1 118 1 1.27 1 93 0 25 2

51 1 0 0 0 0 0 0 0 0 0 0 0 0 0 0 1 59 1 0.2 1 13 0 1.01217 0 69.6007 0 25 2

73 1 0 0 0 0 0 0 0 1 0 0 0 0 0 0 1 78 0 1.45268 1 57 1 0.97 1 59 0 25 2

68 1 0 0 0 0 0 0 0 0 0 0 0 0 0 0 1 20 0 1.45268 1 63 1 1.01 1 62 0 25 2

63 1 1 0 0 0 0 0 0 0 0 0 0 0 0 0 1 11 0 1.45268 1 57 1 1 1 57 0 25 2

75 1 0 0 0 0 0 0 0 0 0 0 0 0 0 0 1 17 1 1.4 1 104 1 1.15 1 90 0 25 2

74 1 0 0 0 1 0 0 0 0 0 0 0 0 0 0 1 53 1 1 1 49 1 1.25 1 39 0 25 2

76 0 0 0 0 0 0 0 0 0 0 0 0 0 0 0 1 7.4 0 1.45268 1 122 1 0.94 1 130 0 25 2

15 1 0 0 0 0 0 0 0 0 1 0 0 0 0 0 1 12 0 1.45268 1 92 1 0.96 1 96 0 25 2

75 1 1 0 0 0 0 0 0 1 0 0 0 0 0 0 1 18 0 1.45268 1 54 1 1.03 1 53 0 25 2

88 1 0 0 0 0 0 0 0 0 0 0 0 0 0 0 1 0.2 1 0.4 1 98 1 0.73 1 134 0 25 3

49 1 0 0 0 1 0 0 0 0 0 0 0 0 0 0 1 0.6 1 0.8 1 57 1 0.7 1 81 0 25 3

70 1 0 0 0 0 0 0 0 0 0 0 0 0 0 0 1 1.6 1 1 1 82 1 0.75 1 109 0 25 3

83 1 0 0 0 0 0 0 0 0 0 0 0 0 0 0 1 0.8 1 1.1 1 97 1 0.8 1 121 0 25 3

11 0 0 0 0 0 0 0 0 0 0 0 0 0 0 0 1 4 1 0.7 1 95 1 0.68 1 140 0 25 3

50 0 0 0 0 0 0 0 0 0 0 0 0 0 0 0 1 0.1 1 1 1 78 1 0.78 1 100 0 25 3

54 0 0 0 0 1 0 0 0 0 0 0 0 0 0 0 1 1.1 1 0.9 1 86 1 0.85 1 101 0 25 3

73 0 0 0 0 0 0 0 0 0 0 0 0 0 0 0 1 1.8 1 0.8 1 63 1 0.76 1 83 0 25 3

35 1 0 0 0 0 0 0 0 0 0 0 0 0 0 0 1 0.1 1 1.2 1 50 1 0.78 1 64 0 25 3

78 0 0 0 0 0 0 0 0 0 0 0 0 0 0 0 1 0.1 1 0.7 1 72 1 0.61 1 118 0 25 3

65 1 0 0 0 0 0 0 0 0 0 0 0 0 0 0 1 3.8 1 1 1 88 1 0.78 1 113 0 25 3

72 1 0 1 0 0 0 0 0 1 0 0 0 0 0 0 1 4.2 1 1.1 1 74 1 0.81 1 91 0 25 3

80 1 0 0 0 0 0 0 0 0 0 0 0 0 0 0 1 0.9 1 1 1 58 1 0.87 1 67 0 25 3

71 0 0 0 0 0 0 0 0 0 0 0 0 0 0 0 1 0.5 1 0.7 1 71 1 0.78 1 91 0 25 3

64 1 0 0 0 0 0 0 0 0 0 0 0 0 0 0 1 0.25 1 1.1 1 109 1 0.88 1 124 0 25 3

72 0 0 0 0 0 0 0 0 0 0 0 0 0 0 0 1 5.5 1 0.9 1 83 1 0.92 1 90 0 25 3

72 0 0 0 0 0 0 0 0 0 0 0 0 0 0 0 1 0.7 1 1 1 52 1 0.79 1 66 0 25 3

56 1 0 0 0 1 0 0 0 0 0 0 0 0 0 0 1 0.7 1 0.8 1 85 1 1.12 1 76 0 25 3

69 1 0 0 0 0 0 0 0 0 0 0 0 0 0 0 1 1 1 1.1 1 102 1 0.9 1 113 0 25 3

42 1 0 0 0 1 0 0 0 0 0 0 0 0 0 0 1 1.1 1 0.7 1 61 1 0.74 1 82 0 25 3

76 1 0 0 0 0 0 0 0 0 0 0 0 0 0 0 1 0.4 1 1.1 1 103 1 0.96 1 106 0 25 3

73 0 1 0 0 0 0 0 0 1 0 0 0 0 0 0 1 0.1 1 1 1 104 1 0.76 1 137 0 25 3

28 1 0 0 0 0 0 0 0 0 0 0 0 0 0 0 1 0.1 1 0.9 1 103 1 0.84 1 123 0 25 3

74 1 0 0 0 0 0 0 0 0 0 0 0 0 0 0 1 5 1 0.9 1 95 1 0.78 1 122 0 25 3

24 1 0 0 0 0 0 0 0 0 0 0 0 0 0 0 1 0.9 1 0.5 1 98 1 0.81 1 121 0 25 3


23 1 0 0 0 1 0 0 0 0 0 0 0 0 0 0 1 0.5 1 1 1 83 1 0.77 1 108 0 25 3

66 1 0 0 0 0 0 0 0 1 0 0 0 0 0 0 1 3.7 1 0.3 1 88 1 0.83 1 106 0 25 3

71 1 0 0 0 0 0 0 0 0 0 0 0 0 0 0 1 0.6 1 1.1 1 101 1 1.02 1 99 0 25 3

43 0 0 0 0 0 0 0 0 0 0 0 0 0 0 0 1 0.2 1 0.7 1 104 1 0.92 1 113 0 25 3

66 1 0 0 0 0 0 0 0 0 0 0 0 0 0 0 1 0.7 1 1.1 1 115 1 0.84 1 137 0 25 3

81 1 0 0 0 0 0 0 0 0 0 0 0 0 0 0 1 1.2 1 0.8 1 109 1 0.9 1 121 0 25 3

55 0 0 0 0 0 0 0 0 0 0 0 0 0 0 0 1 1.6 1 0.9 1 79 1 0.9 1 88 0 25 3

62 0 0 0 0 0 0 0 0 0 0 0 0 0 0 0 1 0.4 1 0.8 1 110 1 1.06 1 104 0 25 3

71 0 0 0 0 0 0 0 0 0 0 0 0 0 0 0 1 1.2 1 0.4 1 108 1 0.95 1 114 0 25 3

22 0 0 0 0 0 0 0 0 0 0 0 0 0 0 0 1 4.4 1 0.9 1 81 1 0.78 1 104 0 25 3

29 0 0 0 0 0 0 0 0 0 0 0 0 0 0 0 1 1.3 1 1.1 1 83 1 0.92 1 90 0 25 3

51 0 0 0 0 0 0 0 0 0 0 0 0 0 0 0 1 1.6 1 0.9 1 94 1 0.94 1 100 0 25 3

75 1 0 0 0 0 0 0 0 0 0 0 0 0 0 0 1 0.4 1 1.1 1 136 1 1.02 1 133 0 25 3

71 0 0 0 0 0 0 0 0 0 0 0 0 0 0 0 1 0.4 1 1.1 1 137 1 1.11 1 123 0 25 3

66 0 0 0 0 0 0 0 0 0 0 0 0 0 0 0 1 5.4 1 0.3 1 70 1 0.98 1 71 0 25 3

64 0 0 0 0 0 0 0 0 0 0 0 0 0 0 0 1 1 1 0.9 1 109 1 0.95 1 115 0 25 3

47 0 0 0 0 0 0 0 0 0 0 0 0 0 0 0 1 0.4 1 1 1 46 1 0.81 1 57 0 25 3

55 0 0 0 0 0 0 0 0 0 0 0 0 0 0 0 1 0.3 1 1 1 142 1 0.98 1 145 0 25 3

77 0 0 0 0 0 0 0 0 0 0 0 0 0 0 0 1 1.2 1 0.6 1 71 1 0.68 1 104 0 25 3

59 1 0 0 0 0 0 0 0 0 0 0 0 0 0 0 1 2.6 1 0.8 1 68 1 0.73 1 93 0 25 3

59 0 0 0 0 0 0 0 0 0 1 0 0 0 0 0 1 0.1 1 1.1 1 70 1 0.73 1 96 0 25 3

52 1 0 0 0 0 0 0 0 0 0 0 0 0 0 0 1 0.15 1 0.8 1 115 1 0.91 1 126 0 25 3

70 1 0 0 0 0 0 0 0 0 0 0 0 0 0 0 1 1.6 1 0.5 1 68 1 0.75 1 90 0 25 3

83 0 0 0 0 0 0 0 0 0 0 0 0 0 0 0 1 1.4 1 0.8 1 77 1 0.78 1 98 0 25 3

31 1 0 0 0 0 0 0 0 0 0 0 0 0 0 0 1 0.15 1 0.4 1 94 1 0.8 1 118 0 25 3

57 1 0 0 0 0 0 0 0 0 0 0 0 0 0 0 1 0.2 1 0.7 1 141 1 0.93 1 153 0 25 3

74 0 0 0 0 0 0 0 0 0 0 0 0 0 0 0 1 0.6 1 0.7 1 68 1 0.77 1 89 0 25 3

40 1 0 0 0 0 0 0 0 0 0 0 0 0 0 0 1 0.15 1 0.7 1 128 1 0.83 1 154 0 25 3

73 0 0 0 0 0 0 0 0 0 0 0 0 0 0 0 1 0.25 1 1 1 96 1 0.89 1 108 0 25 3

55 0 0 0 0 0 0 0 0 0 0 0 0 0 0 1 1 1.2 1 0.8 1 103 1 0.91 1 113 0 25 3

55 0 0 0 0 0 0 0 0 0 0 0 0 0 0 1 1 0.25 1 0.9 1 108 1 0.96 1 112 0 25 3

39 1 0 0 0 0 0 0 0 0 0 0 0 0 0 0 1 3.1 1 1 1 92 1 0.88 1 105 0 25 3

58 1 0 0 0 0 0 0 0 0 0 0 0 0 0 0 1 1.4 1 1.1 1 114 1 0.92 1 124 0 25 3

68 1 0 0 0 0 0 0 0 0 0 0 0 0 0 0 1 0.1 1 1.1 1 116 1 0.81 1 142 0 25 3

69 1 0 0 0 1 0 0 0 0 0 0 0 0 0 0 1 0.1 1 0.9 1 86 1 0.98 1 88 0 25 3

48 0 0 0 0 0 0 0 0 0 0 0 0 0 0 0 1 2.1 1 1 1 128 1 1.02 1 125 0 25 3

77 1 1 0 0 0 0 0 0 0 1 0 0 0 0 0 1 1.7 1 0.4 1 64 1 0.8 1 79 0 25 3

71 0 0 0 0 0 0 0 0 0 0 0 0 0 0 0 1 4.3 1 0.7 0 87.3618 0 0.835047 0 105.467 0 25 3

76 1 0 0 0 0 0 0 0 0 0 0 0 0 0 0 1 0.25 1 1.1 1 142 1 0.96 1 148 0 25 3

65 0 0 0 0 0 0 0 0 0 0 0 0 0 0 0 1 0.25 1 0.9 1 78 1 0.67 1 116 0 25 3

36 0 0 0 0 0 0 0 0 0 0 0 0 0 0 0 1 0.25 1 1.1 1 131 1 0.93 1 141 0 25 3

85 1 0 0 0 0 0 0 0 0 0 0 0 0 0 0 1 0.4 1 1.1 1 101 1 0.88 1 116 0 25 3

78 1 0 0 0 0 0 0 0 0 0 0 0 0 0 0 1 0.15 1 0.7 1 74 1 0.74 1 100 0 25 3

72 0 0 0 0 0 0 0 0 0 0 0 0 0 0 0 1 2.7 1 1 1 80 1 1.02 1 78 0 25 3

71 1 0 0 0 0 0 0 0 0 0 0 0 0 0 0 1 2.6 1 1 1 87 1 0.89 1 97 0 25 3

86 1 0 0 0 0 0 0 0 0 0 0 0 0 0 0 1 0.1 1 1 1 65 1 0.95 1 69 0 25 3

16 0 0 0 0 0 0 0 0 0 0 0 0 0 0 0 1 0.7 1 1.1 1 99 1 0.75 1 133 0 25 3

77 1 0 0 0 0 0 0 0 0 0 0 0 0 0 0 1 0.1 1 0.9 1 105 1 0.9 1 117 0 25 3

53 0 0 0 0 0 0 0 0 0 0 0 0 0 0 0 1 0.1 1 1 1 83 1 0.73 1 115 0 25 3

87 1 0 0 0 0 0 0 0 0 0 0 0 0 0 0 1 0.1 1 1.1 1 105 1 1.02 1 103 0 25 3

80 0 0 0 0 0 0 0 0 0 0 0 0 0 0 0 1 0.1 1 1 1 141 1 0.91 1 154 0 25 3

36 1 0 0 0 1 0 0 0 0 0 0 0 0 0 0 1 0.6 1 0.9 1 87 1 0.59 1 148 0 25 3

80 1 0 0 0 0 0 0 0 0 0 0 0 0 0 0 1 0.4 1 1 1 101 1 1.01 1 100 0 25 3

73 0 0 0 0 0 0 0 0 0 0 0 0 0 0 0 1 0.05 1 1 1 135 1 0.87 1 154 0 25 3

89 0 0 0 0 0 0 0 0 0 0 0 0 0 0 0 1 1.3 1 0.9 1 82 1 0.8 1 103 0 25 3

78 0 0 0 0 0 0 0 0 0 0 0 0 0 0 0 1 2.2 1 1 1 73 1 0.66 1 109 0 25 3

76 1 0 0 0 0 0 0 0 0 0 0 0 0 0 1 1 0.3 1 0.9 1 80 1 0.56 1 144 0 25 3

82 1 0 0 0 0 0 0 0 0 0 0 0 0 0 0 1 0.4 1 0.8 1 102 1 0.73 1 138 0 25 3

37 0 0 0 0 0 0 0 0 0 0 0 0 0 0 0 1 0.15 1 1 1 61 1 0.67 1 90 0 25 3

34 1 0 0 0 0 0 0 0 0 0 0 0 0 0 0 1 4 1 0.1 1 31 1 0.93 1 33 0 25 3

63 0 0 0 0 0 0 0 0 0 0 0 0 0 0 0 1 1.3 1 0.6 1 75 1 0.84 1 89 0 25 3

60 1 0 0 0 0 0 0 0 1 0 0 0 0 0 0 1 0.3 1 1 1 80 1 0.85 1 94 0 25 3

67 1 0 0 0 0 0 0 0 0 0 0 0 0 0 0 1 1.4 1 0.8 1 89 1 0.93 1 96 0 25 3

61 1 0 0 0 0 0 0 0 0 0 0 0 0 0 0 1 0.15 1 1.1 1 94 1 0.91 1 103 0 25 3

67 0 1 0 0 0 0 0 0 0 0 0 0 0 0 0 1 3 1 0.9 1 63 1 0.68 1 92 0 25 3

84 1 0 0 0 0 0 0 0 0 0 0 0 0 0 0 1 0.4 1 0.9 1 90 1 0.88 1 102 0 25 3

53 1 1 0 0 0 0 0 0 0 0 0 0 0 0 0 1 0.15 1 1.1 1 90 1 0.74 1 121 0 25 3

69 1 0 0 0 0 0 0 0 0 0 0 0 0 0 0 1 3.6 1 0.9 1 88 1 0.79 1 111 0 25 3

45 1 0 0 0 0 0 0 0 0 0 0 0 0 0 0 1 1.9 1 1 1 82 1 0.73 1 112 0 25 3

73 0 0 0 0 0 0 0 0 0 0 0 0 0 0 0 1 1 1 0.7 1 92 1 0.61 1 150 0 25 3

46 1 0 0 0 0 0 0 0 0 0 0 0 0 0 0 1 0.5 1 0.9 1 113 1 0.79 1 142 0 25 3

63 0 0 0 0 1 0 0 0 0 0 0 0 0 0 0 1 5.6 1 1.4 1 56 1 0.96 1 58 0 25 3

54 1 0 0 0 0 0 0 0 0 0 0 0 0 0 0 1 1.5 1 1.1 1 74 1 0.81 1 92 0 25 3

85 0 0 0 0 0 0 0 0 0 0 0 0 0 0 0 1 0.1 1 0.8 1 80 1 0.64 1 125 0 25 3

73 1 0 0 0 0 0 0 0 0 0 0 0 0 0 0 1 0.15 1 1 1 100 1 0.69 1 143 0 25 3

44 1 0 0 0 0 0 0 0 0 0 0 0 0 0 1 1 0.35 1 1.1 1 62 1 0.73 1 85 0 25 3

80 1 0 0 0 0 0 0 0 0 0 0 0 0 0 0 1 0.25 1 1 1 86 1 0.64 1 134 0 25 3

75 1 0 0 0 0 0 0 0 0 0 0 0 0 0 0 1 0.25 1 1.1 1 92 1 1.01 1 91 0 25 3

37 1 0 0 0 0 0 0 0 0 0 0 0 1 0 0 1 0.25 1 0.7 1 61 1 0.72 1 84 0 25 3

72 0 0 0 0 0 0 0 0 0 0 0 0 0 0 0 1 0.3 1 0.6 1 120 1 1.06 1 113 0 25 3

36 0 0 0 0 0 0 0 0 0 0 0 0 0 0 0 1 0.3 1 1.1 1 69 1 0.6 1 114 0 25 3

67 0 0 0 0 1 0 0 0 0 0 0 0 0 0 0 1 0.2 1 0.9 1 75 1 0.73 1 102 0 25 3

65 0 0 0 0 0 0 0 0 0 0 0 0 0 0 0 1 1.2 1 0.6 1 61 1 0.59 1 105 0 25 3

63 1 0 1 0 1 0 0 0 0 0 0 0 0 0 0 1 0.2 1 0.9 1 110 1 0.82 1 134 0 25 3

55 0 0 0 0 0 0 0 0 0 0 0 0 0 0 0 1 2.1 1 0.8 1 75 1 0.77 1 98 0 25 3

62 1 0 0 0 0 0 0 0 0 1 0 0 0 0 0 1 0.2 1 0.8 1 124 1 0.9 1 137 0 25 3

29 0 0 0 0 1 0 0 0 0 0 0 0 0 0 0 1 1.3 1 0.9 1 74 1 0.71 1 104 0 25 3

29 1 0 0 0 1 0 0 0 0 0 0 0 0 0 0 1 0.2 1 0.9 1 54 1 0.76 1 72 0 25 3

42 1 0 0 0 0 0 0 0 0 0 0 0 0 0 0 1 3.3 1 1.7 1 56 1 0.9 1 62 0 25 3

35 0 0 0 0 0 0 0 0 0 0 0 0 0 0 0 1 0.2 1 1 1 68 1 0.88 1 78 0 25 3

49 1 0 0 0 0 0 0 0 0 0 0 0 0 0 0 1 0.1 1 0.3 1 32 1 0.53 1 60 0 25 3

84 1 0 0 0 0 0 0 0 0 0 0 0 0 0 0 1 2.2 1 0.3 1 73 1 0.85 1 86 0 25 3

66 1 0 0 0 1 0 0 0 0 0 0 0 0 0 0 1 0.1 1 0.6 1 121 1 0.85 1 143 0 25 3

83 0 0 0 0 0 0 0 0 0 0 0 0 0 0 0 1 0.2 1 1.1 1 95 1 0.73 1 129 0 25 3

69 1 0 0 0 0 0 0 0 0 0 0 0 0 0 0 1 0.5 1 0.8 1 87 1 0.89 1 98 0 25 3

89 0 0 0 0 0 0 0 0 0 0 0 0 0 0 0 1 0.8 1 0.6 1 101 1 0.73 1 138 0 25 3

58 0 0 0 0 0 0 0 0 0 0 0 0 0 0 0 1 1.1 1 0.9 1 83 1 0.78 1 106 0 25 3

46 1 0 0 0 0 0 0 0 0 0 0 0 0 0 0 1 0.1 1 0.7 1 69 1 0.77 1 89 0 25 3

73 1 0 0 0 0 0 0 0 0 0 0 0 0 0 0 1 0.1 1 0.6 1 113 1 0.89 1 127 0 25 3

78 1 0 0 0 0 0 0 0 0 0 0 0 0 0 0 1 2.5 1 1.1 1 70 1 0.92 1 76 0 25 3

66 1 0 0 0 0 0 0 0 0 0 0 0 0 0 0 1 0.15 1 0.8 1 90 1 0.77 1 117 0 25 3

71 1 0 0 0 0 0 0 0 0 0 0 0 0 0 0 1 0.6 1 1 1 88 1 0.94 1 94 0 25 3

74 1 0 0 0 0 0 0 0 0 0 0 0 0 0 0 1 1.6 1 0.7 1 82 1 0.88 1 93 0 25 3

68 0 0 0 0 0 0 0 0 0 0 0 0 0 0 0 1 0.2 1 0.9 1 72 1 0.77 1 94 0 25 3

64 0 0 0 0 0 0 0 0 0 0 0 0 0 0 0 1 1 1 0.7 1 91 1 0.83 1 110 0 25 3

35 0 0 0 0 0 0 0 0 0 0 0 0 0 0 0 1 0.25 1 0.4 1 38 1 1.08 1 35 0 25 3

60 1 0 0 0 0 0 0 0 0 0 0 0 0 0 0 1 0.5 1 1 1 73 1 0.82 1 89 0 25 3

75 1 0 0 0 0 0 0 0 0 0 0 0 0 0 0 1 2.3 1 0.7 1 78 1 0.82 1 95 0 25 3

66 1 0 0 0 0 0 0 0 0 0 0 0 0 0 0 1 0.25 1 0.6 1 110 1 0.83 1 133 0 25 3

76 1 0 0 0 0 0 0 0 1 0 0 0 0 0 0 1 0.25 1 0.8 1 78 1 0.75 1 104 0 25 3

76 1 0 0 0 0 0 0 0 0 0 0 0 0 0 0 1 1.7 1 0.8 1 80 1 0.77 1 104 0 25 3

48 0 0 0 0 0 0 0 0 0 0 0 0 0 0 0 1 0.05 1 0.4 1 98 1 0.73 1 133 0 25 3

85 0 0 0 0 0 0 0 0 0 0 0 0 0 0 0 1 0.25 1 1.1 1 132 1 0.85 1 154 0 25 3

83 1 0 0 0 0 0 0 0 1 0 0 0 0 0 0 1 2.2 1 0.9 1 69 1 0.74 1 93 0 25 3

75 1 0 0 0 0 0 0 0 0 0 0 0 0 0 0 1 0.8 1 0.05 1 106 1 1.14 1 93 0 25 3

73 0 0 0 0 0 0 0 0 0 0 0 0 0 0 0 1 1 1 1.4 1 48 1 1.05 1 46 0 25 3

73 0 0 0 0 0 0 0 0 0 0 0 0 0 0 0 1 0.5 1 0.7 1 110 1 0.93 1 118 0 25 3

60 0 0 0 0 0 0 0 0 0 0 0 0 0 0 0 1 1.2 1 0.8 1 44 1 0.84 1 52 0 25 3

76 0 0 0 0 0 0 0 0 1 0 0 0 0 0 0 1 0.8 1 1.1 1 94 1 0.93 1 101 0 25 3

74 1 0 0 0 0 0 0 0 0 0 0 0 0 0 0 1 0.25 1 0.8 1 103 1 0.73 1 141 0 25 3

21 0 0 1 0 0 0 0 0 0 0 0 0 0 1 0 1 0.25 1 1.3 1 54 1 1.07 1 51 0 25 3

61 0 0 0 0 1 0 0 0 0 0 0 0 0 0 0 1 0.6 1 1 1 96 1 0.93 1 104 0 25 3

74 1 0 0 0 0 0 0 0 0 0 0 0 0 0 0 1 0.65 1 0.9 1 92 1 0.71 1 129 0 25 3

70 1 0 0 0 0 0 0 0 0 0 0 0 0 0 0 1 1.5 1 0.3 1 79 1 0.8 1 98 0 25 3

70 1 0 0 0 0 0 0 0 0 0 0 0 0 0 0 1 3.2 1 0.9 1 84 1 0.87 1 96 0 25 3

61 1 0 0 0 0 0 0 0 0 0 0 0 0 0 0 1 4.7 1 1.1 1 89 1 0.75 1 118 0 25 3

35 0 0 0 0 0 0 0 0 0 0 0 0 0 0 0 1 0.26 1 1 1 57 1 0.89 1 64 0 25 3

93 1 0 0 0 1 0 0 0 0 0 0 0 0 0 0 1 2.7 1 0.4 1 77 1 0.86 1 90 0 25 3

55 1 0 0 0 0 0 0 0 0 0 0 0 0 0 0 1 0.81 1 0.3 1 61 1 0.54 1 113 0 25 3

70 1 0 0 0 0 0 0 0 0 0 0 0 0 0 0 1 5.1 1 0.2 1 59 1 0.73 1 82 0 25 3

67 1 0 0 0 1 0 0 0 0 0 0 0 0 0 0 1 1.7 1 0.7 1 79 1 0.77 1 102 0 25 3

74 1 0 0 0 0 0 0 0 0 0 0 0 0 0 0 1 1.3 1 0.1 1 65 1 0.48 1 137 0 25 3

82 0 0 0 0 0 0 0 0 0 0 0 0 0 0 0 1 2 1 0.4 1 58 1 0.68 1 85 0 25 3

56 0 0 0 0 0 0 0 0 0 1 0 0 0 0 0 1 1.4 1 1 1 99 1 0.7 1 142 0 25 3

83 0 0 0 0 0 0 0 0 0 0 0 0 0 0 0 1 2.8 1 1.1 1 66 1 0.71 1 93 0 25 3

83 1 0 0 0 1 0 0 0 1 0 0 0 0 0 0 1 2.2 1 0.7 1 71 1 0.76 1 93 0 25 3

64 1 0 0 0 0 0 0 0 0 0 0 0 0 0 0 1 0.09 1 1 1 101 1 0.82 1 123 0 25 3

87 1 0 0 0 0 0 0 0 0 0 0 0 0 0 0 1 2.2 1 0.9 1 106 1 0.92 1 115 0 25 3

60 0 0 0 0 0 0 0 0 0 0 0 0 0 0 0 1 0.91 1 1 1 102 1 0.91 1 112 0 25 3

64 1 1 0 0 0 0 0 0 1 0 0 0 0 0 0 1 0.85 1 1.1 1 99 1 1.11 1 90 0 25 3

64 1 0 0 0 0 0 0 0 0 0 0 0 0 0 0 1 0.035 1 1 1 103 1 0.85 1 122 0 25 3

76 1 0 0 0 0 0 0 0 1 0 0 0 0 0 0 1 0.42 1 1 1 115 1 1.11 1 104 0 25 3

72 0 0 0 0 0 0 0 0 0 0 0 0 1 0 0 1 0.28 1 0.9 1 79 1 0.7 1 112 0 25 3

80 0 0 0 0 0 0 0 0 0 0 0 0 0 0 0 1 0.37 1 0.7 1 134 1 1.12 1 120 0 25 3

59 1 0 0 0 0 0 0 0 0 0 0 0 0 0 0 1 1.4 1 1.1 1 121 1 1.11 1 109 0 25 3

76 0 0 0 0 0 0 0 0 0 0 0 0 0 0 0 1 3.2 1 0.8 1 101 1 0.99 1 103 0 25 3

47 1 0 0 0 0 0 0 0 0 0 0 0 0 0 0 1 2 1 1 1 130 1 0.88 1 148 0 25 3

80 0 0 0 0 0 0 0 0 0 0 0 0 0 0 0 1 1.4 1 0.8 1 105 1 0.88 1 120 0 25 3

72 1 0 0 0 0 0 0 0 0 0 0 0 0 0 0 1 2.3 1 0.9 1 140 0 0.835047 0 105.467 0 25 3

68 0 0 0 0 0 0 0 0 0 0 0 0 1 0 0 1 4 1 1.1 1 115 1 0.9 1 128 0 25 3

46 1 0 0 0 0 0 0 0 0 1 1 0 0 0 0 1 1.7 1 1.1 1 94 1 0.91 1 103 0 25 3

83 1 0 0 0 0 0 0 0 0 0 0 0 0 0 0 1 0.43 1 0.4 1 92 1 0.75 1 123 0 25 3

78 0 0 0 0 0 0 0 0 0 0 0 0 0 0 0 1 0.71 1 0.5 1 105 1 0.82 1 129 0 25 3

39 0 0 0 0 0 0 0 0 0 0 0 0 0 0 0 1 4.4 1 1.1 1 63 1 0.8 1 78 0 25 3

79 0 0 0 0 0 0 0 0 0 0 0 0 0 0 0 1 1.1 1 0.7 1 116 1 0.85 1 137 0 25 3

63 1 0 0 0 0 0 0 0 0 0 0 0 0 0 0 1 3 1 0.9 1 137 1 0.95 1 144 0 25 3

81 0 0 0 0 0 0 0 0 0 0 0 0 0 0 0 1 1.9 1 0.3 1 102 1 0.96 1 106 0 25 3

77 1 0 0 0 0 0 0 0 0 0 0 0 0 0 0 1 3.1 1 0.9 1 105 1 0.82 1 129 0 25 3

78 1 0 0 0 0 0 0 0 0 0 0 0 0 0 0 1 3.1 1 1.1 1 112 1 0.82 1 137 0 25 3

78 0 0 0 0 0 0 0 0 0 0 0 0 0 0 0 1 1.5 1 0.8 1 108 1 0.81 1 133 0 25 3

66 0 0 0 0 0 0 0 0 0 0 0 0 0 0 0 1 1.3 1 0.3 1 64 1 0.66 1 96 0 25 3

70 1 0 0 0 0 0 0 0 1 0 0 0 0 0 0 1 1.7 1 1 1 112 1 1.02 1 110 0 25 3

80 0 0 0 0 0 0 0 0 0 0 0 0 0 0 0 1 2 1 1.2 1 39 1 0.95 1 41 0 25 3

75 0 0 0 0 0 0 0 0 0 0 0 0 0 0 0 1 2.4 1 0.2 1 78 1 0.56 1 139 0 25 3

82 0 0 0 0 0 0 0 0 0 0 0 0 0 0 0 1 2.2 1 1 1 68 1 0.77 1 88 0 25 3

66 1 0 0 0 0 0 0 0 0 0 0 0 0 0 0 1 4.5 1 0.5 1 83 1 0.77 1 108 0 25 3

68 0 0 0 0 0 0 0 0 0 0 0 0 0 0 0 1 0.05 1 0.2 1 115 1 0.92 1 126 0 25 3

75 0 0 0 0 0 0 0 0 0 0 0 0 0 0 0 1 0.97 1 0.6 1 80 1 0.72 1 110 0 25 3

71 1 0 0 0 0 0 0 0 0 0 0 0 0 0 0 1 1.3 1 0.9 1 126 1 0.85 1 148 0 25 3

36 1 0 0 0 0 0 0 0 0 0 0 0 0 0 0 1 4.7 1 2 1 19 1 1.12 1 17 0 25 3

86 0 0 0 0 0 0 0 0 0 0 0 0 0 0 0 1 5.5 1 0.2 1 38 1 0.76 1 50 0 25 3

60 1 0 0 0 0 0 0 0 0 0 0 0 0 0 0 1 2 1 1 1 61 1 0.77 1 80 0 25 3

79 0 0 0 0 0 0 0 0 0 0 0 0 0 0 0 1 2.7 1 0.9 1 86 1 0.85 1 102 0 25 3

85 1 0 0 0 0 0 0 0 0 0 0 0 0 0 0 1 1.3 1 0.9 1 111 1 1.04 1 107 0 25 3

85 1 0 0 0 0 0 0 0 0 0 0 0 0 0 0 1 1 1 1.1 1 110 1 1.08 1 102 0 25 3

77 0 0 0 0 0 0 0 0 0 0 0 0 0 0 0 1 1.3 1 0.5 1 54 1 0.86 1 62 0 25 3

93 1 0 0 0 1 0 0 0 0 0 0 0 0 0 0 1 3 1 0.9 1 92 1 0.81 1 112 0 25 3

53 0 0 0 0 0 0 0 0 1 0 0 0 0 0 0 1 0.7 0 0.834178 1 46 1 0.87 1 52 0 25 3

72 1 0 0 0 0 0 0 0 1 0 0 0 0 0 0 1 2.3 1 0.8 1 90 1 0.8 1 112 0 25 3

54 0 0 0 0 0 0 0 0 0 0 0 0 0 0 0 1 1.3 1 1.1 1 130 1 1.03 1 127 0 25 3

54 1 0 0 0 0 0 0 0 0 0 0 0 0 0 0 1 2.5 1 0.4 1 56 1 0.68 1 83 0 25 3

48 1 0 0 0 1 0 0 0 0 0 0 0 0 0 0 1 1.6 1 1 1 71 1 0.81 1 88 0 25 3

74 0 0 0 0 0 0 0 0 0 0 0 0 0 0 0 1 0.61 1 0.9 1 115 1 0.75 1 153 0 25 3

74 0 0 0 0 0 0 0 0 1 0 0 0 0 0 0 1 3.4 1 1 1 102 1 0.9 1 114 0 25 3

78 1 0 0 0 0 0 0 0 0 0 0 0 0 0 0 1 1.3 1 0.9 1 65 1 0.88 1 74 0 25 3

60 1 0 0 0 0 0 0 0 0 0 0 0 0 0 0 1 0.035 1 0.3 1 87 1 0.69 1 126 0 25 3

60 0 0 0 0 0 0 0 0 0 0 0 0 0 0 0 1 4.4 1 1 1 84 1 0.69 1 121 0 25 3

79 1 0 0 0 0 0 0 0 0 0 0 0 0 0 0 1 0.84 1 0.8 1 94 1 0.86 1 109 0 25 3

77 1 0 0 0 0 0 0 0 0 0 0 0 0 0 0 1 2.1 1 0.8 1 99 1 0.88 1 113 0 25 3

67 0 0 0 0 0 0 0 0 0 0 0 0 0 0 0 1 1.9 1 1 1 65 1 0.63 1 105 0 25 3

80 1 0 0 0 0 0 0 0 0 0 0 0 0 0 0 1 1.7 1 0.8 1 101 1 0.81 1 125 0 25 3

80 1 0 0 0 0 0 0 0 0 0 0 0 0 0 0 1 2.2 1 0.6 1 80 1 0.7 1 115 0 25 3

72 0 0 0 0 0 0 0 0 0 0 0 0 0 0 0 1 5.4 1 1 1 75 1 0.82 1 92 0 25 3

59 1 0 0 0 1 0 0 0 0 0 0 0 0 0 0 1 4.3 1 1.1 1 70 1 1 1 70 0 25 3

79 1 0 0 0 1 0 0 0 0 0 0 0 0 0 0 1 1.3 1 0.9 1 102 1 0.95 1 107 0 25 3

83 1 0 0 0 0 0 0 0 0 0 0 0 0 0 0 1 0.92 1 0.9 1 86 1 0.76 1 113 0 25 3

61 1 0 0 0 0 0 0 0 0 0 0 0 0 0 0 1 0.04 1 0.8 1 74 1 0.75 1 99 0 25 3

54 1 0 0 0 0 0 0 0 0 0 0 0 0 0 0 1 4.1 1 0.8 1 77 1 0.82 1 93 0 25 3

78 1 1 0 0 0 0 0 0 1 0 0 0 0 0 0 1 2.6 1 0.3 1 87 1 0.95 1 91 0 25 3

73 1 0 0 0 0 0 0 0 0 0 0 0 0 0 0 1 0.01 1 1 1 101 1 0.86 1 117 0 25 3

84 0 0 0 0 1 0 0 0 0 0 0 0 0 0 0 1 0.67 1 0.9 1 70 1 0.78 1 90 0 25 3

49 0 0 0 0 0 0 0 0 0 0 0 0 0 0 0 1 0.08 1 0.2 1 59 1 0.79 1 74 0 25 3

23 0 0 0 0 0 0 0 0 0 0 0 0 0 0 0 1 1.7 1 1 1 115 1 0.92 1 125 0 25 3

58 1 0 0 0 0 0 0 0 0 0 0 0 0 0 0 1 0.21 1 0.9 1 122 1 1.04 1 117 0 25 3

49 0 0 0 0 0 0 0 0 0 0 0 0 0 0 0 1 4.9 1 0.7 1 82 1 0.79 1 104 0 25 3

50 1 0 0 0 0 0 0 0 1 0 0 0 0 0 0 1 4.8 1 0.6 1 98 1 0.8 1 122 0 25 3

71 1 0 0 0 0 0 0 0 0 0 0 0 0 0 0 1 1.6 1 0.3 1 73 1 0.9 1 81 0 25 3

75 1 0 0 0 0 0 0 0 0 0 0 0 0 0 0 1 4.5 1 1.1 1 132 1 1.01 1 131 0 25 3

82 1 0 0 0 0 0 0 0 0 0 0 0 0 0 0 0 1.66127 1 1.1 1 69 1 0.64 1 107 0 25 3

55 0 0 0 0 0 0 0 0 0 0 0 0 0 0 0 1 0.6 1 1.1 1 95 1 0.97 1 98 0 25 3

73 0 1 0 0 0 0 0 0 0 0 0 0 0 0 0 1 1.4 1 0.8 1 61 1 0.49 1 124 0 25 3

73 0 0 0 0 1 0 0 0 0 0 0 0 0 0 0 1 3.9 1 0.9 1 62 1 0.54 1 115 0 25 3

73 1 0 0 0 0 0 0 0 0 0 0 0 0 0 0 1 4.6 1 0.8 1 91 1 0.86 1 106 0 25 3

48 1 0 0 0 0 0 0 0 1 0 0 0 0 0 1 1 0.77 1 1.1 1 81 1 0.86 1 95 0 25 3

73 1 0 0 0 0 0 0 0 0 0 0 0 0 0 0 1 4.1 1 1 1 89 1 0.91 1 98 0 25 3

79 1 0 0 0 0 0 0 0 0 0 0 0 0 0 1 1 2.3 1 0.4 1 73 1 0.6 1 122 0 25 3

72 1 1 0 0 0 0 0 0 0 0 0 0 0 0 0 1 0.74 1 1 1 82 1 0.86 1 95 0 25 3

63 0 0 0 0 0 0 0 0 0 0 0 0 0 0 0 1 2.4 1 1.1 1 124 1 0.85 1 145 0 25 3

72 1 0 0 0 1 0 0 0 0 0 0 0 0 0 0 1 1.3 1 1 1 101 1 0.8 1 127 0 25 3

70 1 0 0 0 0 0 0 0 0 0 0 0 0 0 0 1 1.5 1 0.8 1 99 1 0.79 1 126 0 25 3

56 1 0 0 0 0 0 0 0 0 0 0 0 0 0 0 1 3 1 1.1 1 122 1 1.13 1 108 0 25 3

57 0 0 0 0 0 0 0 0 0 0 0 0 0 0 0 1 0.75 1 0.9 1 82 1 0.62 1 133 0 25 3

45 0 0 0 0 0 0 0 0 0 0 0 0 0 0 0 1 5 1 0.7 1 54 1 0.85 1 63 0 25 3

72 1 0 0 0 0 0 0 0 0 0 0 0 0 0 0 1 0.05 1 0.9 1 93 1 0.97 1 97 0 25 3

72 0 0 0 0 0 0 0 0 0 0 0 0 0 0 0 1 5.3 1 1 1 97 1 0.65 1 150 0 25 3

45 0 0 0 0 0 0 0 0 0 0 0 0 0 0 0 1 4.8 1 0.9 1 87 1 0.78 1 112 0 25 3

84 0 0 0 0 0 0 0 0 0 0 0 0 0 0 1 1 3.6 1 0.6 1 82 1 0.74 1 110 0 25 3

55 0 0 0 0 0 0 0 0 0 0 0 0 0 0 0 1 1.5 1 0.4 1 52 1 0.75 1 69 0 25 3

67 1 0 0 0 0 0 0 0 0 0 0 0 0 0 0 1 2.6 1 0.2 1 99 1 0.72 1 138 0 25 3

44 1 0 0 0 0 0 0 0 0 0 0 0 0 0 0 1 0.41 1 0.8 1 105 1 0.82 1 127 0 25 3

78 1 0 0 0 0 0 0 0 0 0 0 0 0 0 0 1 0.74 1 0.5 1 85 1 0.77 1 110 0 25 3

68 0 1 0 0 0 0 0 0 0 0 0 0 0 0 0 1 1.5 1 0.8 1 98 1 0.82 1 119 0 25 3

73 0 0 0 0 0 0 0 0 0 0 0 0 0 0 0 1 2.7 1 1.1 1 62 1 0.7 1 89 0 25 3

71 0 0 0 0 0 0 0 0 0 0 0 0 0 0 0 1 2.3 0 0.834178 1 56 1 1.12 1 50 0 25 3

54 1 0 0 0 0 0 0 0 0 0 0 0 0 0 1 1 3.3 1 0.7 1 76 1 0.72 1 105 0 25 3

64 0 0 0 0 0 0 0 0 0 0 0 0 0 0 0 1 0.1 1 1 1 145 0 0.835047 0 105.467 0 25 3

58 0 0 0 0 0 0 0 0 0 0 0 0 0 0 0 1 0.64 1 1 1 103 0 0.835047 0 105.467 0 25 3

77 1 0 0 0 0 0 0 0 0 0 0 0 0 0 0 1 2.2 1 0.2 1 80 1 0.8 1 99 0 25 3

81 1 0 0 0 0 0 0 0 0 0 0 0 0 0 0 1 1.4 1 1 1 92 1 0.99 1 93 0 25 3

70 0 0 0 0 0 0 0 0 0 0 0 0 0 0 0 1 3.6 1 1 1 60 1 0.88 1 68 0 25 3

62 0 0 0 0 0 0 0 0 0 0 0 0 0 0 0 1 0.72 1 0.5 1 78 1 0.95 1 82 0 25 3

19 1 0 0 0 0 0 0 0 1 0 0 0 0 0 0 1 3.7 1 1.1 1 126 1 0.91 1 138 0 25 3

83 0 0 0 0 0 0 0 0 0 0 0 0 0 0 0 1 2.3 1 0.9 1 56 1 0.67 1 84 0 25 3

26 0 0 0 0 0 0 0 0 0 0 0 0 0 0 0 1 0.17 1 0.9 1 122 0 0.835047 0 105.467 0 25 3

16 0 0 0 0 0 0 0 0 0 0 0 0 0 0 0 1 3.1 1 1.1 1 96 1 0.87 1 111 0 25 3

66 0 0 0 0 0 0 0 0 1 0 0 0 0 0 0 1 0.045 1 0.3 1 72 1 0.61 1 119 0 25 3

77 1 0 0 0 1 0 0 0 1 0 0 0 0 0 0 1 3.5 1 0.8 1 68 1 0.97 1 70 0 25 3

44 0 0 0 0 0 0 0 0 0 0 0 1 0 0 0 1 0.89 0 0.834178 1 40 1 0.96 1 42 0 25 3

57 1 0 0 0 0 0 0 0 0 1 0 0 0 0 0 1 2.6 1 0.7 1 115 0 0.835047 0 105.467 0 25 3

59 0 0 0 0 0 0 0 0 1 0 0 0 0 0 0 1 5.5 1 0.7 1 77 1 0.74 1 104 0 25 3

44 0 0 1 0 0 0 0 0 0 0 0 1 0 0 0 1 0.1 1 0.6 1 61 1 0.86 1 71 0 25 3

45 1 0 0 0 0 0 0 0 0 0 0 0 0 0 0 1 0.97 1 1.1 1 77 1 0.86 1 89 0 25 3

73 0 0 1 0 0 0 0 0 0 0 0 0 0 0 0 0 1.66127 1 0.7 1 63 1 0.88 1 72 0 25 3

79 1 0 0 0 0 0 0 0 0 0 0 0 0 0 0 1 1.4 1 0.6 1 94 0 0.835047 0 105.467 0 25 3

55 1 0 0 0 0 0 0 0 0 0 0 0 0 0 0 1 0.13 1 1 1 102 1 0.82 1 124 0 25 3

70 0 0 0 0 1 0 0 0 0 0 0 0 0 0 0 1 1.1 1 0.9 1 94 1 0.91 1 103 0 25 3

68 1 0 0 0 0 0 0 0 0 0 0 0 0 0 0 1 3.9 1 1 1 104 1 0.75 1 137 0 25 3

23 1 0 0 0 0 0 0 0 0 0 0 0 0 0 0 1 2.6 1 1.1 1 104 1 1.05 1 99 0 25 3

79 1 0 0 0 0 0 0 0 0 1 0 0 0 0 0 1 4.2 1 1.1 1 78 1 0.97 1 81 0 25 3

53 1 0 0 1 0 0 0 0 0 0 0 0 0 0 0 1 0.12 0 0.834178 1 47 1 0.93 1 50 0 25 3

81 0 0 0 0 0 0 0 0 0 0 0 0 0 0 0 1 3 1 0.7 1 69 0 0.835047 0 105.467 0 25 3

66 1 0 0 0 0 0 0 0 0 0 0 0 0 0 0 1 1.9 1 0.6 1 86 1 0.87 1 100 0 25 3

61 0 0 0 0 0 0 0 0 0 0 0 0 0 0 0 1 1.6 1 1.1 1 113 1 1.13 1 100 0 25 3

53 1 0 0 0 0 0 0 0 0 0 0 0 0 0 0 1 0.33 1 0.4 1 83 1 0.54 1 154 0 25 3

53 1 0 0 0 0 0 0 0 0 0 0 0 0 0 0 1 0.36 1 0.4 1 82 1 0.59 1 140 0 25 3

82 1 1 0 0 0 0 0 0 1 0 0 0 0 0 0 1 0.59 1 0.9 1 111 0 0.835047 0 105.467 0 25 3

57 1 0 0 0 0 0 0 0 0 0 0 0 0 0 0 1 3.1 1 1 1 128 1 1.07 1 119 0 25 3

39 0 0 0 0 0 0 0 0 0 0 0 0 0 0 0 1 1.7 1 0.5 1 77 1 1.1 1 70 0 25 3

59 0 0 0 0 0 0 0 0 0 0 0 0 0 0 0 1 2.3 1 0.8 1 99 1 1.08 1 92 0 25 3

76 1 0 0 0 0 0 0 0 1 0 0 0 0 0 0 1 0.76 1 0.8 1 96 1 0.86 1 111 0 25 3

95 1 0 0 0 0 0 0 0 0 0 0 0 0 0 0 1 0.96 1 0.8 1 103 1 0.89 1 116 0 25 3

70 0 0 0 0 1 0 0 0 0 0 0 0 0 0 0 1 1.4 1 1 1 77 1 0.72 1 107 0 25 3

44 1 0 0 0 0 0 0 0 0 0 0 0 0 0 0 1 1.9 1 0.9 1 125 1 1.06 1 119 0 25 3

82 0 0 0 0 0 0 0 0 0 0 0 0 0 0 0 1 1.6 0 0.834178 1 46 1 0.88 1 52 0 25 3

85 1 0 0 0 1 0 0 0 0 0 0 0 0 0 0 1 0.55 0 0.834178 1 24 1 1.11 1 22 0 25 3

72 0 0 1 0 0 0 0 0 0 0 0 0 0 0 0 1 1.1 1 1 1 53 1 0.61 1 87 0 25 3

85 0 0 0 0 0 0 0 0 0 0 0 0 0 0 0 1 1.4 1 0.6 1 124 1 0.96 1 129 0 25 3

60 0 0 0 0 0 0 0 0 0 0 0 0 0 0 0 1 1.8 1 0.7 1 76 1 0.75 1 102 0 25 3

56 1 0 0 0 0 0 0 0 0 0 1 0 0 0 0 1 1.8 1 1 1 112 1 0.98 1 113 0 25 3

57 0 0 0 0 0 0 0 0 0 0 0 0 0 0 0 1 0.55 1 1.1 1 95 1 0.79 1 120 0 25 3

70 1 0 0 0 0 0 0 0 0 0 0 0 0 0 0 1 2.7 1 1 1 67 1 0.96 1 70 0 25 3

71 0 0 0 0 0 0 0 0 0 0 0 0 0 0 0 1 0.55 1 1.1 1 91 1 0.86 1 105 0 25 3

76 1 0 0 0 0 0 0 0 0 0 0 0 0 0 0 1 0.04 1 0.9 1 100 1 1.01 1 100 0 25 3

43 1 0 0 0 0 0 0 0 0 0 0 0 0 0 0 1 2.1 1 0.6 1 87 1 0.87 1 100 0 25 3

53 1 0 0 0 0 0 0 0 0 0 0 0 0 0 0 1 0.04 1 1 1 65 1 0.6 1 108 0 25 3

13 1 0 0 0 0 0 0 0 0 0 0 0 0 0 0 1 5 1 1 1 103 1 0.72 1 142 0 25 3

73 1 0 0 0 0 0 0 0 0 0 1 0 0 0 0 1 3.3 1 0.9 1 90 1 0.88 1 102 0 25 3

74 1 0 1 0 0 0 0 0 0 0 0 0 0 0 0 1 0.3 1 0.9 1 104 1 0.78 1 133 0 25 3

29 1 0 0 0 0 0 0 0 0 0 0 0 0 0 0 1 0.45 1 0.6 1 79 1 0.54 1 148 0 25 3

70 1 0 0 0 0 0 0 0 0 0 0 0 0 0 0 1 1.3 1 0.05 1 20 1 0.65 1 31 0 25 3

19 0 0 0 0 0 0 0 0 0 0 0 0 0 0 0 1 1.5 1 1.1 1 105 1 0.81 1 129 0 25 3

63 0 0 0 0 0 0 0 0 0 0 0 0 0 0 0 1 3.1 0 0.834178 1 55 1 0.9 1 62 0 25 3

78 1 0 0 0 0 0 0 0 0 0 0 0 0 0 0 1 3.2 1 1.1 1 126 1 0.89 1 142 0 25 3

37 0 0 0 0 0 0 0 0 0 0 0 0 0 0 0 1 0.61 1 1.1 1 73 1 0.79 1 93 0 25 3

61 1 0 0 0 0 0 0 0 0 0 0 0 0 0 0 1 1.2 1 0.9 1 97 1 0.93 1 104 0 25 3

74 1 0 0 0 0 0 0 0 0 0 0 0 0 0 0 1 2.1 1 0.7 1 89 1 0.72 1 123 0 25 3

53 1 0 0 0 0 0 0 0 0 0 0 0 0 0 0 1 1 1 0.9 1 93 1 0.85 1 109 0 25 3

52 1 0 0 0 0 0 0 0 0 0 0 0 0 0 0 1 4.6 1 0.9 1 105 1 0.72 1 145 0 25 3

78 0 0 0 0 0 0 0 0 0 0 0 0 0 0 0 1 0.5 1 0.3 1 57 1 1.1 1 52 0 25 3

60 0 0 0 0 0 0 0 0 0 0 0 0 0 0 1 1 0.9 1 1 1 141 1 1.02 1 138 0 25 3

73 1 0 0 0 0 0 0 0 0 0 0 0 0 0 0 1 1.7 1 0.7 1 82 1 0.95 1 86 0 25 3

80 0 0 0 0 0 0 0 0 0 0 0 0 0 0 0 1 0.91 1 0.7 1 99 1 0.94 1 105 0 25 3

52 0 0 0 0 0 0 0 0 0 0 0 0 0 0 1 1 5.3 1 1.1 1 98 1 0.92 1 107 0 25 3

71 0 0 0 0 0 0 0 0 0 0 0 0 0 0 0 1 1.1 1 0.5 1 93 1 0.75 1 124 0 25 3

77 1 0 0 0 0 0 0 0 0 0 0 0 0 0 0 1 1.8 1 1.1 1 131 1 1.04 1 126 1 25 3

32 1 0 0 0 0 0 0 0 0 0 0 0 0 0 0 1 0.09 1 0.6 1 91 1 0.68 1 134 0 25 3

94 1 0 0 0 0 0 0 0 0 0 0 0 0 0 0 1 3.4 1 0.9 1 106 1 1.14 1 93 0 25 3

69 1 0 0 0 0 0 0 0 0 0 0 0 0 0 0 1 0.21 1 0.9 1 93 1 0.87 1 107 0 25 3

37 0 0 0 0 0 0 0 0 0 0 0 0 0 0 1 1 0.125 1 0.7 1 53 0 0.835047 0 105.467 0 25 3

58 0 0 0 0 0 0 0 0 0 0 0 0 0 0 0 1 1.7 1 1.1 1 105 1 0.87 1 121 0 25 3

60 0 0 0 0 0 0 0 0 0 0 0 0 0 0 0 1 0.55 1 0.3 1 33 1 0.64 1 52 0 25 3

19 0 0 0 0 0 0 0 0 0 0 0 0 0 0 1 1 0.35 1 0.8 1 70 1 0.83 1 84 0 25 3

67 0 0 0 0 0 0 0 0 0 0 0 0 0 0 0 1 2.6 1 0.4 1 80 1 0.57 1 140 0 25 3

86 1 0 0 0 0 0 0 0 0 0 0 0 0 0 0 1 6 1 0.7 1 58 1 0.67 1 87 0 25 3

38 1 0 0 0 0 0 0 0 0 0 1 0 0 0 0 1 1.7 1 1.1 1 64 1 0.76 1 84 0 25 3

69 0 0 1 0 0 0 0 0 0 0 0 0 0 0 0 1 1.4 1 0.1 1 54 1 0.71 1 76 0 25 3

72 1 0 0 0 1 0 0 0 0 0 0 0 0 0 0 1 4.9 1 0.9 1 99 1 0.78 1 127 0 25 3

72 1 0 0 0 0 0 0 0 0 0 0 0 0 0 0 1 4.1 1 0.3 1 100 1 0.87 1 115 0 25 3

70 0 0 0 0 0 0 0 0 0 1 0 0 0 0 0 1 3.2 1 1 1 85 1 0.59 1 144 0 25 3

72 1 0 0 0 0 0 0 0 0 0 0 0 0 0 0 1 2.4 1 0.8 1 84 1 0.82 1 102 0 25 3

86 1 0 0 0 0 0 0 0 0 0 0 0 0 0 0 1 3.4 1 0.7 1 97 1 0.85 1 114 0 25 3

86 1 0 0 0 0 0 0 0 0 0 0 0 0 0 0 1 2.2 1 0.7 1 105 1 0.71 1 148 0 25 3

71 0 0 0 0 0 0 0 0 0 0 0 0 0 0 0 1 4.5 1 1 1 85 1 0.79 1 107 0 25 3

76 1 0 0 0 0 0 0 0 1 0 0 0 0 0 0 1 4.9 1 1 1 122 1 1.1 1 111 0 25 3

42 1 0 0 0 0 0 0 0 0 0 0 0 0 0 0 1 3.5 1 1.1 1 60 1 0.9 1 67 0 25 3

78 0 0 0 0 0 0 0 0 0 0 0 0 0 0 0 1 4.5 1 0.9 1 69 1 0.74 1 93 0 25 3

48 0 0 0 0 0 0 0 0 0 0 0 0 0 0 0 1 4.4 1 0.6 1 65 1 0.66 1 98 0 25 3

79 0 0 0 0 0 0 0 0 0 0 0 0 0 0 0 1 3.7 1 1 1 81 1 0.82 1 99 0 25 3

62 0 0 0 0 0 0 0 0 0 0 0 0 0 0 0 1 0.88 1 1 1 90 1 0.67 1 134 0 25 3

26 0 0 0 0 0 0 0 0 0 0 0 0 0 0 0 1 2 1 1.8 1 59 1 1 1 59 0 25 3

75 0 0 0 0 0 0 0 0 0 0 0 0 0 0 0 1 1.4 1 0.9 1 94 1 0.74 1 127 0 25 3

79 1 0 0 0 0 0 0 0 0 0 0 0 0 0 0 1 0.81 1 1.1 1 106 1 0.81 1 131 0 25 3

21 0 0 0 0 0 0 0 0 0 0 0 0 0 0 0 1 0.9 1 0.8 1 77 0 0.835047 0 105.467 0 25 3

81 1 1 0 0 0 0 0 0 1 0 0 0 0 0 0 1 0.6 1 0.6 1 123 1 0.91 1 135 0 25 3

72 1 0 0 0 0 0 0 0 0 0 0 0 0 0 0 1 1.3 1 0.8 1 108 1 0.82 1 132 0 25 3

83 0 0 0 0 0 0 0 0 0 0 0 0 0 0 0 1 0.78 1 0.8 1 102 1 0.8 1 128 0 25 3

86 1 0 0 0 0 0 0 0 0 0 0 0 0 0 0 1 0.12 1 0.9 1 119 1 0.91 1 131 0 25 3

82 1 0 0 0 0 0 0 0 0 0 0 0 0 0 0 1 1.6 1 0.5 1 100 1 0.96 1 104 0 25 3

80 0 0 0 0 0 0 0 0 0 0 0 0 0 0 0 1 2.6 1 0.5 1 76 1 0.59 1 129 0 25 3

65 1 0 0 0 0 0 0 0 0 0 0 0 0 0 0 1 1.7 1 0.3 1 70 1 0.61 1 115 0 25 3

28 1 0 0 0 1 0 0 0 0 0 0 0 0 0 0 1 2.5 1 0.7 1 87 1 1.08 1 81 0 25 3

66 0 0 0 0 0 0 0 0 0 0 0 0 0 0 0 1 1.2 1 0.6 1 78 1 0.84 1 93 0 25 3

54 1 0 0 0 0 0 0 0 0 0 0 0 1 0 0 1 1.4 1 2.5 1 56 1 0.9 1 62 0 25 3

84 0 0 0 0 0 0 0 0 0 0 0 0 0 0 0 1 3.2 1 1 1 81 1 0.73 1 111 0 25 3

71 1 0 0 0 0 0 0 0 0 0 0 0 0 0 0 1 0.28 1 0.5 1 109 1 0.77 1 142 0 25 3

28 1 0 0 0 1 0 0 0 0 0 0 0 0 0 0 1 2.2 1 1.1 1 89 1 0.93 1 96 0 25 3

88 1 0 0 0 0 0 0 0 0 0 0 0 0 0 0 1 0.49 1 0.9 1 110 1 0.87 1 126 0 25 3

72 1 0 0 0 0 0 0 0 0 0 0 0 0 0 0 1 1.1 1 0.3 1 85 1 0.61 1 139 0 25 3

72 1 0 0 0 0 0 0 0 0 0 0 0 0 0 0 1 1.2 1 0.5 1 79 1 0.63 1 126 0 25 3

78 1 0 0 0 0 0 0 0 0 0 0 0 0 0 0 1 3 1 0.5 1 104 1 1.05 1 99 0 25 3

74 1 0 0 0 0 0 0 0 0 0 0 0 0 0 0 1 0.59 1 1 1 90 1 0.77 1 117 0 25 3

79 1 0 0 0 1 0 0 0 0 0 0 0 0 0 0 1 3.9 1 0.9 1 90 1 0.62 1 145 0 25 3

87 1 0 0 0 0 0 0 0 0 0 0 0 0 0 0 1 3.3 1 1.1 1 64 1 0.55 1 116 0 25 3

67 0 0 0 0 0 0 0 0 0 0 0 0 0 0 0 1 3.2 1 0.9 1 92 1 0.87 1 106 0 25 3

80 1 0 0 0 0 0 0 0 1 0 0 0 0 0 0 1 5.3 1 1.1 1 97 1 0.87 1 112 0 25 3

68 1 0 0 0 0 0 0 0 0 0 0 0 0 0 0 1 0.32 1 0.8 1 82 1 0.63 1 130 0 25 3

72 1 0 0 0 0 0 0 0 0 0 0 0 0 0 0 1 2.6 0 0.834178 1 24 1 0.56 1 43 0 25 3

55 0 0 0 0 0 0 0 0 0 0 0 0 0 0 0 1 2.8 1 0.9 1 122 1 0.9 1 136 0 25 3

34 1 0 0 0 0 0 0 0 0 0 1 0 0 0 1 1 5.8 1 1.1 1 47 1 0.99 1 48 0 25 3

74 0 0 0 0 0 0 0 0 0 0 0 0 0 0 0 1 1.2 1 0.9 1 99 1 0.99 1 100 0 25 3

77 1 0 0 0 0 0 0 0 0 0 0 0 0 0 0 1 1.7 1 0.7 1 87 1 0.81 1 107 0 25 3

68 1 1 0 0 0 0 0 0 0 0 0 0 0 0 0 1 1.5 1 0.9 1 76 1 0.63 1 121 0 25 3

52 1 0 0 0 0 0 0 0 0 0 0 0 0 0 0 1 0.4 1 1.1 1 132 1 0.93 1 142 0 25 3

72 1 0 0 0 0 0 0 0 0 0 0 0 0 0 0 1 4.9 1 0.5 1 35 1 0.85 1 41 0 25 3

65 0 0 0 0 0 0 0 0 0 0 0 0 0 0 0 1 0.75 1 1.1 1 78 1 0.71 1 110 0 25 3

46 1 0 0 0 0 0 0 0 1 0 0 0 0 0 0 1 2.6 1 0.8 1 97 1 0.89 1 109 0 25 3

90 1 0 0 0 0 0 0 0 0 0 0 0 0 0 0 1 4.5 1 0.1 1 28 1 0.79 1 35 0 25 3

92 1 0 0 0 0 0 0 0 0 0 0 0 0 0 0 1 0.14 1 0.9 1 92 1 0.91 1 101 0 25 3

95 0 0 0 0 0 0 0 0 0 0 0 0 0 0 0 1 4.4 1 0.4 1 54 1 0.62 1 87 0 25 3

86 1 0 0 0 0 0 0 0 0 1 0 0 0 0 0 1 1.6 1 0.4 1 76 1 1.06 1 72 0 25 3

46 0 0 0 0 1 0 0 0 0 0 0 0 0 0 0 1 2 1 0.9 1 102 1 0.94 1 109 0 25 3

59 0 0 0 0 0 0 0 0 0 0 0 0 0 0 0 1 3.3 1 1 1 92 1 0.9 1 102 0 25 3

70 1 0 0 0 0 0 0 0 0 0 0 0 0 0 0 1 1.8 1 1.1 1 91 1 0.79 1 115 0 25 3

46 0 0 0 0 0 0 0 0 0 0 0 0 0 0 0 1 3.2 1 1.1 1 123 1 0.94 1 131 0 25 3

88 1 0 0 0 0 0 0 0 0 0 0 0 0 0 0 1 1.5 1 0.8 0 87.3618 0 0.835047 0 105.467 0 25 3

70 0 0 0 0 0 0 0 0 0 0 0 0 0 0 0 1 0.27 1 0.7 1 117 1 0.84 1 139 0 25 3

82 1 0 0 0 0 0 0 0 0 0 0 0 0 0 0 1 1.6 1 0.83 1 104 1 0.77 1 135 0 25 3

55 0 0 0 0 0 0 0 0 0 0 0 0 0 0 0 1 1.8 1 0.93 1 89 1 0.66 1 135 0 25 3

50 1 0 0 0 0 0 0 0 0 1 0 0 0 0 0 1 0.5 1 0.8 1 123 1 1.17 1 105 0 25 3

75 0 0 0 0 0 0 0 0 0 0 0 0 0 0 0 1 1.5 1 0.5 1 53 1 1.25 1 42 0 25 3

84 1 0 0 0 1 0 0 0 0 0 0 0 0 0 0 1 2.8 1 0.2 1 94 1 0.81 1 116 0 25 3

79 1 0 0 0 1 0 0 0 0 0 0 0 0 0 0 1 4.8 1 0.7 1 77 0 0.835047 0 105.467 0 25 3

76 1 0 0 0 0 0 0 0 0 0 0 0 0 0 0 1 0.48 1 0.8 1 62 1 0.76 1 82 0 25 3

57 1 1 0 0 0 0 0 0 0 0 0 0 0 0 0 1 2.3 1 0.1 1 56 1 0.78 1 72 0 25 3

78 0 0 0 0 1 0 0 0 0 0 0 0 0 0 0 1 1.6 1 1 1 86 1 0.79 1 109 0 25 3

62 1 1 0 0 0 0 0 0 0 0 0 0 1 0 0 1 0.18 1 0.2 1 94 1 0.79 1 119 0 25 3

61 1 0 0 0 0 0 0 0 0 0 0 0 1 0 0 0 1.66127 1 0.9 1 63 1 0.65 1 97 0 25 3

70 0 1 0 0 0 0 0 0 1 0 0 0 0 0 0 1 2.9 1 1.1 1 94 1 0.62 1 152 0 25 3

47 1 0 0 0 0 0 0 0 1 0 0 0 0 0 0 1 0.75 1 1 1 141 1 0.95 1 148 0 25 3

78 1 0 0 0 0 0 0 0 0 0 0 0 0 0 0 1 1.6 1 0.9 1 102 1 0.71 1 144 0 25 3

79 1 0 0 0 1 0 0 0 0 0 0 0 0 0 0 1 2.9 1 0.8 1 74 1 0.72 1 103 0 25 3

78 1 0 0 0 0 0 0 0 1 0 0 0 0 0 0 1 1 1 1 1 102 1 0.69 1 148 0 25 3

79 1 0 0 0 0 0 0 0 1 0 0 0 0 0 0 1 3.3 1 0.8 1 83 1 0.67 1 124 0 25 3

82 1 0 0 0 0 0 0 0 0 1 0 0 0 0 0 1 0.93 1 1.1 1 77 0 0.835047 0 105.467 0 25 3

69 0 0 0 0 0 0 0 0 0 0 0 0 0 0 0 1 1.6 1 0.8 1 44 1 1.15 1 38 0 25 3

84 1 0 0 0 1 0 0 0 0 0 0 0 0 0 0 1 0.41 1 1.1 1 148 1 1.09 1 136 0 25 3

80 1 0 0 0 0 0 0 0 0 1 0 0 0 0 0 1 0.55 1 0.4 1 90  1 0.71 1 127 0 25 3

22 0 0 0 0 0 0 0 0 0 0 0 0 0 0 0 1 2.6 1 1.1 1 119 1 0.88 1 135 0 25 3

82 1 0 0 0 1 0 0 0 0 0 0 0 0 0 0 1 0.59 1 0.9 1 96 1 0.76 1 126 0 25 3

69 0 0 0 0 0 0 0 0 1 0 0 0 0 0 0 1 0.44 1 1.1 1 66 1 1 1 66 0 25 3

94 1 0 0 0 0 0 0 0 0 0 0 0 0 0 0 1 0.99 1 0.9 1 109 1 0.92 1 119 0 25 3

80 0 0 0 0 0 0 0 0 0 0 0 0 0 0 0 1 1.2 1 1.1 1 88 1 0.83 1 106 0 25 3

69 0 0 0 0 0 0 0 0 0 0 0 0 0 0 0 1 0.26 1 1.1 1 99 1 1.23 1 81 0 25 3

51 1 0 0 0 0 0 0 0 1 0 0 0 0 0 0 1 1.4 1 1.5 1 37 1 0.71 1 52 0 25 3

69 0 0 0 0 0 0 0 0 0 0 0 1 0 0 0 1 0.16 1 1 1 106 1 1.24 1 86 0 25 3

70 0 0 0 0 0 0 0 0 0 0 0 0 0 0 0 1 2.1 1 0.7 1 81 1 0.57 1 142 0 25 3

64 0 0 0 0 0 0 0 0 0 0 0 0 0 0 0 1 0.81 0 0.834178 1 31 1 0.55 1 56 0 25 3

60 0 0 0 1 0 0 0 0 0 0 0 0 0 0 0 1 0.18 0 0.834178 1 28 1 0.87 1 32 0 25 3

