38 0 0 0 0 0 0 0 0 0 0 0 0 0 0 0 0 0 0 0 1 308 1 0.87 1 354 0 0  A
58 1 0 0 0 0 0 0 0 0 0 0 0 0 0 0 0 0 1 7.6 1 250 1 0.79 1 316 0 0  A
15 0 0 0 0 0 0 0 0 0 1 0 0 0 0 0 0 0 0 0 1 188 1 0.73 1 258 0 0  A
57 0 0 0 0 0 0 0 0 0 1 0 0 0 0 0 1 0.25 1 4.2 1 236 1 0.7 1 337 0 0  A
58 1 0 0 0 0 0 0 0 0 1 0 0 0 0 0 1 0.3 1 4.1 1 202 1 0.8 1 253 0 0  A
62 1 0 0 0 0 0 0 0 0 1 0 0 0 0 0 1 0.3 1 6.6 1 169 1 0.86 1 197 0 0  A
34 0 0 0 0 0 0 0 0 0 0 0 0 0 0 0 1 0.3 1 4.7 1 242 1 1.02 1 237 0 0  A
72 1 0 0 0 0 0 0 0 0 0 0 0 0 0 0 1 0.1 1 8.599999 1 359 1 0.74 1 485 0 0  A
46 0 0 0 0 0 0 0 0 0 0 0 0 0 0 0 1 8.2 1 3.8 1 124 1 0.29 1 428 0 0  D
34 1 0 0 0 0 0 0 0 0 0 0 0 0 0 0 0 0 1 7.6 1 302 0 0 0 0 0 0  A
58 1 0 0 1 0 0 0 0 0 0 0 0 0 0 0 1 0.15 1 3 1 148 1 0.91 1 163 0 0  A
34 0 0 0 0 0 0 0 0 0 1 0 0 0 0 0 1 0.05 1 7.6 1 261 1 1.01 1 258 0 0  A
62 0 0 0 0 0 0 0 0 0 0 0 0 0 0 0 0 0 0 0 1 260 1 0.31 1 839 0 0  A
62 0 0 0 0 0 0 0 0 0 0 0 0 0 0 0 0 0 0 0 1 113 1 0.34 1 332 0 0  A
72 1 0 0 0 0 0 0 0 0 1 0 0 0 0 0 1 0.1 1 4.3 1 230 1 0.77 1 299 0 0  A
63 0 0 0 0 0 0 0 0 0 0 0 0 0 0 0 0 0 0 0 1 135 1 0.64 1 211 0 0  A
14 1 0 0 0 0 0 0 0 0 1 0 0 0 0 0 0 0 0 0 1 155 1 0.93 1 166 1 25  A
23 1 0 0 0 0 1 0 0 0 0 0 0 1 0 0 1 0.1 1 2.8 1 201 1 1.14 1 176 0 0  A
26 1 0 0 0 0 0 0 0 0 1 0 0 0 0 0 0 0 0 0 1 212 1 0.82 1 257 0 0  A
72 1 0 0 0 0 0 0 0 0 1 0 0 0 0 0 1 0.1 1 3.2 1 333 1 0.74 1 450 0 0  A
35 0 0 0 0 0 0 0 0 0 1 0 0 0 0 0 1 0.25 1 4.6 1 275 1 1.06 1 259 0 0  A
23 1 0 0 0 0 0 0 0 0 0 0 0 0 0 0 1 0.25 1 3.3 1 247 1 0.93 1 265 0 0  A
56 1 0 0 0 0 0 0 0 0 0 0 0 0 0 0 1 0.25 1 3.2 1 268 1 1.01 1 266 0 0  A
62 0 0 0 0 0 0 0 0 0 0 0 0 0 0 0 0 0 0 0 1 97 1 0.28 1 347 0 0  A
59 0 0 0 1 0 0 0 0 0 0 0 0 0 0 0 1 0.15 1 4.9 1 116 1 0.94 1 123 0 0  B
25 0 0 0 0 0 0 0 0 0 1 0 0 0 0 0 1 0.1 1 3.3 1 164 1 0.95 1 172 0 0  A
82 1 0 0 0 0 0 0 0 0 0 0 0 0 0 0 1 0.1 1 4.3 1 147 1 1.06 1 139 0 0  B
41 0 0 0 0 0 0 0 0 0 0 0 0 0 0 0 1 0.1 1 6.2 1 207 1 0.89 1 232 0 0  A
59 1 0 0 0 0 0 0 0 0 0 0 0 0 0 0 0 0 0 0 1 160 1 0.85 1 188 0 0  A
57 0 0 0 0 0 0 0 0 0 0 0 0 0 0 0 1 0.05 1 3.7 1 244 1 0.95 1 256 0 0  A
28 1 0 0 0 0 0 0 0 0 0 0 0 0 0 0 1 0.1 1 3 1 235 1 1.38 1 171 0 0 C
24 1 0 0 0 0 0 0 0 0 1 0 0 0 0 0 1 0.1 1 3 1 131 1 1.23 1 107 0 0  B
57 1 0 0 0 0 0 0 1 0 0 0 0 0 0 0 1 0.1 1 6.6 1 190 1 0.86 1 222 0 0  A
29 1 0 0 0 0 0 0 0 0 1 0 0 0 0 0 0 0 1 3.9 1 148 1 1.44 1 103 0 0  B
42 0 0 0 0 0 0 0 0 0 0 0 0 0 0 0 1 8.099999 1 3.5 1 134 1 0.28 1 482 0 0  D
59 0 0 0 0 0 0 0 0 0 0 0 0 0 0 0 1 24 1 8.9 1 218 1 0.83 1 264 0 0  D
31 1 0 0 0 0 0 0 0 0 1 0 0 0 0 0 0 0 1 3 1 169 1 0.96 1 176 0 0  A
34 1 0 0 0 0 0 0 0 0 1 0 0 0 0 0 0 0 1 3.5 1 120 1 0.78 1 154 0 0  B
59 0 0 0 0 0 0 0 0 0 1 0 0 0 0 0 0 0 1 3.1 1 198 1 0.59 1 334 0 0  A
24 0 0 0 0 0 0 0 0 0 1 0 0 0 0 0 1 0.3 1 3.8 1 54 0 0 0 0 0 0  A
19 1 0 0 0 0 0 0 0 0 1 0 0 0 0 0 1 0.3 1 7.6 1 221 1 0.86 1 256 0 0  A
48 1 0 0 0 0 0 0 0 0 1 0 0 0 0 0 1 0.3 1 8.9 1 212 1 0.88 1 240 0 0  A
38 0 0 0 0 0 0 0 0 0 0 0 0 0 0 0 1 9.599999 1 4.8 1 168 1 0.28 1 612 0 0  D
38 0 0 0 0 0 0 0 0 0 0 0 0 0 0 0 1 7.9 1 4.7 1 123 1 0.28 1 445 0 0  D
31 1 0 0 0 0 1 0 0 0 0 0 0 1 0 0 0 0 1 3 1 158 1 1.01 1 156 0 0  A
59 1 0 0 0 0 0 0 0 0 0 0 0 1 0 0 1 0.05 1 3.6 1 94 1 1.02 1 92 0 0  C
16 1 0 0 0 0 0 0 0 0 1 0 0 0 0 0 1 0.05 1 6.2 1 255 1 1.04 1 244 0 0  A
55 1 0 0 0 0 0 0 0 0 0 0 0 0 0 0 1 0.2 1 3.6 1 301 1 1.75 1 172 0 0  A
58 1 0 0 0 0 0 0 0 1 1 0 0 0 0 0 1 0.2 0 0 1 256 1 0.9 1 283 0 0  A
61 1 0 0 0 1 0 0 0 0 0 0 0 0 0 0 1 0.2 1 3.8 1 252 1 1.13 1 222 0 0  A
26 1 0 0 0 0 0 0 0 0 0 0 0 0 0 0 1 0.2 1 5.1 1 187 1 1.17 1 160 0 0  A
37 0 0 0 0 0 0 0 0 0 0 0 0 0 0 0 0 0 1 4.3 1 187 1 0.96 1 194 0 0  A
56 1 0 0 0 0 0 0 0 0 0 0 0 0 0 0 1 0.05 0 0 1 230 1 1.06 1 217 0 0  A
31 1 0 0 0 0 0 0 0 0 0 0 0 0 0 0 0 0 0 0 1 196 1 0.94 1 209 0 0  A
34 1 0 0 0 0 0 0 0 0 1 0 0 0 0 0 0 0 1 5.3 1 181 1 1.04 1 174 0 0  A
65 1 0 0 0 0 0 0 0 0 1 0 0 0 0 0 1 0.15 1 3.5 1 217 1 0.98 1 221 0 0  A
35 1 0 0 0 0 0 0 0 0 0 0 0 0 0 0 1 0.15 1 5.1 1 167 1 1 1 168 0 0  A
47 1 0 0 0 0 0 0 0 0 1 0 0 0 0 0 1 0.15 1 4.3 1 189 1 1.07 1 176 0 0  A
46 1 0 0 0 0 0 0 0 0 0 0 0 0 0 0 1 0.15 1 3 1 161 1 0.93 1 174 0 0  A
41 1 0 0 0 0 1 0 0 0 1 0 0 0 0 0 1 0.2 0 0 1 430 1 1.09 1 395 0 0  A
41 1 0 0 0 0 0 0 0 0 1 0 0 0 0 0 1 0.15 1 7.3 1 430 1 1.09 1 395 0 0  A
64 1 0 0 0 0 0 0 0 0 1 0 0 1 0 0 0 0 1 6.1 1 214 1 0.94 1 228 0 0  A
41 1 0 0 0 0 0 0 0 0 1 0 0 0 0 0 1 0.2 1 3.8 1 253 1 1.24 1 204 0 0  A
80 0 0 0 0 0 0 0 0 0 0 0 0 0 0 0 1 0.05 1 3.7 1 152 1 0.93 1 164 0 0  A
60 0 0 0 1 0 0 0 0 0 0 0 0 0 0 0 1 0.2 1 4 1 68 1 1 1 67 0 0  B
71 1 0 0 0 0 0 0 0 0 1 0 0 1 0 0 1 0.2 1 4.5 1 125 1 0.82 1 152 0 0  C
59 1 1 0 0 1 0 0 0 0 0 0 0 1 0 0 1 0.2 1 4.3 1 140 1 1.68 1 83 0 0 D
11 0 0 0 0 0 0 0 0 0 0 0 0 0 0 0 1 0.2 0 0 1 191 1 1.23 1 156 0 0  A
87 1 0 0 0 0 0 0 0 0 1 0 0 0 0 0 1 0.2 1 3.4 1 164 1 0.82 1 200 0 0  A
18 1 0 0 0 0 0 0 0 0 0 0 0 0 0 0 1 0.25 1 3.1 1 160 1 0.9 1 177 0 0  A
57 1 0 0 0 0 0 0 0 0 0 0 0 1 0 0 1 0.065 1 4.2 1 235 1 1.1 1 214 0 0  A
58 1 1 0 0 0 0 0 0 0 0 0 0 0 0 0 1 0.065 1 3.4 1 129 1 0.95 1 136 0 0  B
70 1 0 0 0 0 0 0 0 0 1 0 0 1 0 0 1 0.005 1 3.5 1 194 1 0.9 1 215 0 0  A
79 0 0 0 0 0 0 0 0 0 0 0 0 0 0 0 1 0.03 1 4.1 1 160 1 0.78 1 204 0 0  A
58 1 0 0 0 0 0 0 0 0 1 0 0 0 0 0 1 0.005 1 3.9 1 181 1 0.96 1 188 0 0  A
65 1 0 0 0 1 0 0 0 0 1 0 0 0 0 0 1 0.025 1 3.9 1 133 1 1.23 1 108 0 0  B
60 1 0 0 0 0 0 0 0 0 1 0 0 0 0 0 1 0.025 1 3.9 1 123 1 0.98 1 126 0 0  B
65 1 0 0 0 0 0 0 0 0 1 0 0 0 0 0 1 0.02 1 3.1 1 114 1 0.91 1 126 0 0  B
39 1 0 0 0 0 0 0 0 0 1 0 0 0 0 0 1 0.02 1 4 1 209 1 1.06 1 197 0 0  A
77 1 0 0 0 0 0 0 0 0 0 0 0 0 0 0 1 0.02 1 2.7 1 155 1 0.98 1 159 0 0  A
23 1 0 0 0 0 0 0 0 0 0 0 0 1 0 0 1 0.01 1 2.9 1 205 1 0.87 1 235 0 0  A
79 0 0 0 0 0 0 0 0 0 0 0 0 0 0 0 0 0 1 3.1 1 162 1 0.78 1 209 0 0  A
57 1 0 0 0 0 0 0 0 0 0 0 0 0 0 0 1 0.005 1 3.6 1 144 1 0.84 1 171 0 0  A
55 1 0 1 0 0 0 0 0 0 0 0 0 0 0 0 1 0.005 0 0 1 161 1 0.9 1 180 0 0  A
79 0 0 0 0 0 0 0 0 0 0 0 0 0 0 0 1 0.005 1 3.4 1 151 1 0.74 1 203 0 0  A
54 0 0 0 0 0 0 0 0 1 0 0 0 0 0 0 1 0.01 1 3.6 1 142 1 1.23 1 115 0 0  B
68 0 0 0 0 0 0 0 0 0 0 0 0 0 0 0 0 0 0 0 1 175 1 0.86 1 204 0 0  A
63 1 0 0 0 0 0 0 1 0 0 0 0 0 0 0 1 0.03 1 3.3 1 120 1 0.96 1 125 0 0  B
58 0 1 0 0 0 0 0 0 0 1 0 0 0 0 0 1 0.01 1 3.3 1 129 1 1.23 1 105 0 0  B
72 1 0 0 0 0 0 0 0 0 0 0 0 0 0 0 0 0 0 0 1 161 1 0.9 1 180 0 0  A
15 1 0 0 0 0 0 0 0 0 0 0 0 0 0 0 1 0.015 1 6 1 250 1 0.8 1 312 0 0  A
53 1 0 0 0 0 0 0 0 0 1 0 0 0 0 0 1 0.02 1 4.3 1 250 1 1.01 1 247 0 0  A
55 1 0 0 0 0 0 0 0 0 1 0 0 0 0 0 1 0.01 1 5.5 1 219 1 0.8 1 274 0 0  A
20 0 0 0 0 0 0 0 0 0 0 0 0 0 0 0 1 0.015 1 4.8 1 22 0 0 0 0 0 0  A
76 1 0 0 0 0 0 0 0 0 0 0 0 0 0 0 1 0.005 1 3 1 158 1 0.87 1 183 0 0  A
23 1 0 0 0 0 0 0 0 0 1 0 0 0 0 0 1 0.015 1 4 1 204 1 0.84 1 242 0 0  A
56 1 0 0 0 0 0 0 0 0 0 0 0 0 0 0 1 0.02 1 7.1 1 223 1 1 1 222 0 0  A
27 1 0 0 0 0 0 0 0 0 0 0 0 0 0 0 1 0.055 1 8.5 1 244 1 0.98 1 249 0 0  A
72 1 0 0 0 0 0 0 0 0 0 0 0 0 0 0 1 0.035 1 4.9 1 192 1 1.09 1 176 0 0  A
63 0 0 0 0 0 0 0 0 0 0 0 0 0 0 0 0 0 0 0 1 162 1 0.81 1 200 0 0  A
77 0 0 0 0 0 0 0 0 0 0 0 0 0 0 0 1 0.015 1 10.599999 1 226 1 0.65 1 349 0 0  A
72 1 0 0 0 0 0 0 0 0 0 0 0 0 0 0 1 0.015 1 2.9 1 198 1 0.91 1 217 0 0 C
52 1 0 0 0 0 0 0 0 0 0 0 0 0 0 0 1 0.03 0 0 1 163 1 0.95 1 172 0 0  A
56 1 0 0 0 0 0 0 0 0 1 0 0 0 0 0 1 0.015 1 4.1 1 191 1 1 1 191 0 0  A
34 1 0 0 0 0 0 0 0 0 0 0 0 0 0 0 0 0 0 0 1 178 1 1 1 178 0 0  A
39 1 0 0 0 0 0 0 0 0 1 0 0 0 0 0 0 0 1 6.6 1 248 1 0.89 1 280 0 0  A
34 1 0 0 1 0 0 0 0 0 1 0 0 0 0 0 1 27 1 4.4 1 273 1 1.22 1 222 0 0  D
75 0 0 0 0 1 0 0 0 0 0 0 0 0 0 0 1 0.02 0 0 1 150 1 0.88 1 171 0 0 D
27 1 0 0 0 0 0 0 0 0 0 0 0 0 0 0 1 0.02 1 5.3 1 272 1 0.97 1 281 0 0  A
46 0 0 0 0 0 0 0 0 0 1 0 0 0 0 0 1 0.02 1 4.5 1 156 1 0.76 1 205 0 0  A
51 1 0 0 0 0 0 0 0 0 0 0 0 0 0 0 1 0.02 1 3.3 1 200 1 1 1 200 0 0  A
50 1 0 0 1 0 0 0 0 0 1 0 0 0 0 0 1 0.03 1 3.4 1 131 1 1.02 1 129 0 0  B
53 1 0 0 0 0 0 0 0 0 1 0 0 0 0 0 1 0.03 1 5.4 1 162 1 0.73 1 222 0 0  A
63 1 0 0 0 0 0 0 0 0 0 0 0 0 0 0 1 0.03 1 5.5 1 199 1 1.05 1 190 0 0  A
55 1 0 0 0 0 0 0 0 0 1 0 0 0 0 0 1 0.035 1 4.4 1 195 1 0.82 1 237 0 0  A
33 0 0 0 0 0 0 0 0 0 1 0 0 0 0 0 1 0.015 1 5 1 244 1 0.67 1 362 0 0  A
56 1 0 0 0 0 0 0 0 0 0 0 0 0 0 0 0 0 1 3.9 1 141 1 1.12 1 126 0 0  B
76 1 0 0 0 0 0 0 0 1 0 0 0 0 0 0 1 0.005 0 0 1 143 1 0.76 1 189 0 0  A
60 0 0 0 0 0 0 0 0 0 0 0 0 0 0 0 1 0.005 1 7.1 1 184 1 1.03 1 177 0 0  A
73 1 0 0 0 0 0 0 0 0 0 0 0 1 0 0 1 0.005 1 3.6 1 119 1 0.9 1 133 0 0  C
45 1 0 0 0 0 0 0 1 0 0 0 0 0 0 0 1 0.065 1 4.6 1 210 1 1.11 1 190 0 0  A
35 1 0 0 0 0 0 0 0 0 0 0 0 0 0 0 1 0.005 1 3.1 1 239 1 1 1 239 0 0  A
60 1 0 0 0 0 0 0 0 0 0 0 0 0 0 0 1 0.025 0 0 1 175 1 1.03 1 169 0 0  A
55 1 0 0 0 0 0 0 0 0 1 0 0 0 0 0 1 0.065 0 0 1 206 1 0.81 1 254 0 0  A
33 1 0 0 0 0 0 0 0 0 1 0 0 0 0 0 1 0.025 1 5.3 1 278 1 0.78 1 356 0 0  A
42 0 0 0 0 0 0 0 0 0 1 0 0 0 0 0 1 0.045 1 3.1 1 119 1 0.8 1 149 0 0  B
72 1 0 0 0 0 0 0 0 0 1 0 0 0 0 0 1 0.25 1 4.4 1 192 1 0.91 1 211 0 0  A
55 1 0 0 0 0 0 0 0 0 1 0 0 0 0 0 0 0 1 5.5 1 214 1 0.91 1 236 0 0  A
55 1 0 0 0 0 0 0 0 0 0 0 0 0 0 0 1 0.05 1 6.8 1 169 1 0.84 1 201 0 0  A
30 1 0 0 0 0 0 0 0 0 0 0 0 0 0 0 1 0.055 0 0 1 187 1 0.72 1 262 0 0  A
45 0 0 0 0 0 0 0 0 0 1 0 0 0 0 0 1 0.025 1 4.2 1 183 1 0.78 1 235 0 0  A
42 1 0 0 1 0 0 0 0 0 1 0 0 0 0 0 1 0.025 1 3.1 1 136 1 1 1 136 0 0  B
56 1 0 0 0 0 0 0 0 0 0 0 0 0 0 0 1 0.05 1 3.8 1 200 1 0.76 1 264 0 0  A
65 1 0 0 0 0 0 0 0 0 0 0 0 0 0 0 0 0 0 0 1 148 1 0.85 1 174 0 0  A
49 1 0 0 0 0 0 0 0 0 0 0 0 0 0 0 1 0.05 0 0 1 193 1 1.05 1 184 0 0  A
33 1 0 0 0 0 0 0 0 0 1 0 0 0 0 0 1 0.005 1 3.2 1 185 1 0.91 1 206 0 0  A
34 1 0 0 0 0 0 0 0 0 0 0 0 1 0 0 1 0.03 1 3.2 1 123 1 1.08 1 114 0 0  C
36 0 0 0 0 0 0 0 0 0 1 0 0 0 0 0 1 0.07 1 4.1 1 153 1 0.86 1 178 0 0  A
57 1 0 1 0 0 0 0 0 0 0 0 0 0 0 0 1 0.07 0 0 1 142 1 0.87 1 163 0 0  A
22 1 0 0 0 0 0 0 0 0 1 0 0 0 0 0 1 0.055 1 6.2 1 386 1 1.02 1 378 0 0  A
36 1 0 0 0 0 0 0 0 0 1 0 0 0 0 0 1 0.085 1 4.5 1 198 1 1.15 1 172 0 0  A
45 1 0 0 0 0 0 0 0 1 0 0 0 0 0 0 1 0.085 0 0 1 171 1 0.88 1 194 0 0  A
76 0 0 0 0 0 0 0 0 0 0 0 0 0 0 0 1 0.065 1 3.9 1 186 1 0.94 1 198 0 0  A
66 1 0 0 1 0 0 0 0 0 1 0 0 0 0 0 1 0.07 1 2.9 1 145 1 1.25 1 116 0 0  B
2 1 0 0 0 0 0 0 0 0 0 0 0 1 0 0 1 0.05 1 7.6 1 257 1 0.96 1 268 0 0  A
42 1 0 0 0 0 0 0 0 0 1 0 0 0 0 0 1 0.065 1 3.1 1 156 1 0.94 1 166 0 0  A
34 1 0 0 0 0 0 0 0 0 1 0 0 0 0 0 1 0.065 1 5.1 1 138 1 1.13 1 122 0 0  B
61 1 0 0 0 0 0 0 0 0 1 0 0 0 0 0 1 0.065 1 5.3 1 210 1 0.87 1 241 0 0  A
23 1 0 0 0 0 0 0 0 0 1 0 0 0 0 0 1 0.065 1 18 1 430 1 0.67 1 642 0 0  A
76 0 0 0 0 0 0 0 1 0 0 0 0 0 0 0 1 0.07 1 3.3 1 183 1 1 1 183 0 0  A
73 1 0 0 0 0 0 0 0 0 0 0 0 1 0 0 1 0.025 1 4.4 1 235 1 0.92 1 255 0 0  A
84 1 0 0 0 0 0 0 0 0 1 0 0 0 0 0 1 0.04 1 4.2 1 151 1 0.88 1 172 0 0  A
77 1 0 0 0 0 0 0 0 0 0 0 0 0 0 0 1 0.03 1 13.299999 1 410 1 0.79 1 519 0 0  A
56 1 0 0 0 0 0 0 0 0 0 0 0 0 0 0 1 0.03 1 6.4 1 191 1 0.97 1 197 0 0  A
36 0 0 0 0 0 0 0 0 0 1 0 0 0 0 0 1 0.03 1 4 1 178 1 1.14 1 156 0 0  A
71 1 0 0 0 0 0 0 0 0 0 0 0 0 0 0 1 0.05 0 0 1 178 1 1.13 1 158 0 0  A
34 0 0 0 0 0 0 0 0 0 0 0 0 0 0 0 1 0.015 1 4 1 239 1 0.9 1 266 0 0  A
33 1 0 0 0 0 0 0 0 0 0 0 0 0 0 0 1 0.055 0 0 1 148 1 0.95 1 156 0 0  A
49 1 0 0 0 0 0 0 0 0 1 0 0 0 0 0 1 0.075 1 3.3 1 239 1 1.28 1 187 0 0  A
54 1 0 0 0 0 0 0 1 0 0 0 0 0 0 0 1 0.075 1 5 1 216 1 0.86 1 251 0 0  A
38 1 0 0 0 0 0 0 0 0 0 0 0 0 0 0 1 0.085 1 4 1 221 1 1.09 1 203 0 0  A
39 0 1 0 0 0 0 0 0 0 0 0 0 0 0 0 1 0.105 1 4.1 1 131 1 0.95 1 138 0 0  B
32 1 0 0 0 0 0 0 0 0 0 0 0 0 0 0 1 0.1 0 0 1 153 1 0.67 1 228 0 0  A
73 1 0 0 0 0 0 0 0 0 0 0 0 1 0 0 1 0.04 1 3.8 1 292 1 0.91 1 321 0 0  A
67 1 0 0 0 0 0 0 0 0 0 0 0 0 0 0 1 0.055 1 3.1 1 157 1 0.92 1 171 0 0  A
60 0 0 0 0 0 0 0 0 0 0 0 0 0 0 0 1 0.035 1 7.6 1 236 1 0.91 1 259 0 0  A
66 1 0 0 0 0 0 0 0 0 0 0 0 0 0 0 1 0.04 1 4.9 1 249 1 0.86 1 290 0 0  A
43 0 0 0 0 0 0 0 0 0 1 0 0 0 0 0 1 0.005 1 3 1 130 1 0.84 1 155 0 0  B
30 0 0 0 0 0 0 0 0 0 0 0 0 0 0 0 1 15 1 5.6 1 278 1 0.78 1 356 1 25  D
25 1 0 0 0 0 0 0 0 0 0 0 0 1 0 0 1 1 1 3.2 1 117 1 1.11 1 105 0 0  C
49 1 0 0 0 0 0 0 0 0 1 0 0 0 0 0 1 0.025 1 3.7 1 178 0 0 0 0 0 0  A
35 1 0 0 0 0 0 0 0 0 0 0 0 0 0 0 0 0 0 0 1 226 1 0.93 1 243 0 0  A
65 1 0 0 0 0 0 0 0 0 0 0 0 0 0 0 1 0.02 0 0 1 161 1 1.02 1 158 0 0  A
42 1 0 0 0 0 0 0 0 0 0 0 0 0 0 0 1 0.005 0 0 1 178 1 0.71 1 251 0 0  A
49 1 0 0 0 0 0 0 0 1 1 0 0 0 0 0 0 0 1 3.9 1 240 1 1.25 1 192 0 0  A
19 1 0 0 0 0 0 0 0 1 1 0 0 0 0 0 1 0.02 0 0 1 171 1 0.97 1 176 0 0  A
29 0 0 0 0 0 0 0 0 0 1 0 0 0 0 0 1 0.02 1 5.7 1 172 1 0.86 1 200 0 0  A
28 0 0 0 0 0 0 0 0 0 0 0 0 0 0 0 1 0.02 1 5.9 1 183 1 0.82 1 223 0 0  A
43 0 0 0 0 0 0 0 0 0 1 0 0 0 0 0 1 0.02 1 2.9 1 130 1 0.8 1 163 0 0  A
84 0 0 0 0 0 0 0 0 0 0 0 0 0 0 0 1 14 1 6.7 1 280 1 0.85 1 329 1 22  D
61 1 0 0 0 0 0 0 0 0 1 0 0 0 0 0 1 0.025 1 8 1 202 0 0 0 0 0 0  A
42 1 0 0 0 0 0 0 0 0 0 0 0 0 0 0 0 0 1 3.2 1 174 0 0 0 0 0 0  A

