63 1 1 0 0 1 0 0 0 0 0 0 0 0 0 0 1 68 0 0 1 48 1 1.02 1 47 0 0  F
41 1 0 0 0 0 0 0 0 0 0 0 0 0 0 0 1 140 0 0 1 33 1 1.07 1 31 0 0  F
61 0 0 0 0 1 0 0 0 0 0 0 0 0 0 0 1 9.799999 1 1.2 1 114 1 0.84 1 136 0 0  G
27 1 0 0 0 0 0 0 0 0 0 0 0 0 0 0 1 90 1 0.4 1 7.5 1 0.94 1 7.5 0 0  F
40 1 0 0 0 0 0 0 0 0 0 0 0 0 0 0 1 70 1 0.4 1 3.9 1 0.83 1 5 1 28  F
44 1 0 0 0 0 0 0 0 1 1 0 0 0 0 0 1 8.4 1 1.8 1 108 1 1.01 1 107 0 0  G
47 0 0 0 0 0 0 0 0 0 0 0 0 0 0 0 1 80 1 0.4 1 9 1 0.85 1 10 0 0  F
47 0 0 0 0 0 0 0 0 0 0 0 0 0 0 0 1 176 1 0.5 1 6 1 1.45 1 4 0 0  F
72 0 0 0 0 0 0 0 0 0 0 0 0 0 0 0 1 30 1 0.6 1 15 1 1.48 1 10 0 0  F
72 0 0 0 0 0 0 0 0 0 0 0 0 0 0 0 1 11 1 0.3 1 13 1 1 1 13 0 0  F
72 0 0 0 0 0 0 0 0 0 0 0 0 0 0 0 1 71 1 0.5 1 4 1 1.27 1 3 0 0  F
27 0 0 0 0 0 0 0 0 1 1 0 0 0 0 0 1 9.099999 1 1.7 1 135 1 0.93 1 145 0 0  G
50 1 0 0 0 0 0 0 0 0 0 0 0 1 0 0 1 10.7 0 0 1 70 1 1.1 1 64 0 0  F
77 1 0 0 0 0 0 0 0 0 0 0 0 0 0 0 1 46 1 0.5 1 14 1 1.19 1 12 0 0  F
27 1 0 0 0 0 0 0 0 1 1 0 0 0 0 0 1 18 0 0 1 61 1 1.01 1 61 0 0  F
65 1 0 0 0 0 0 0 0 0 0 0 0 0 0 0 1 170 1 0.3 1 12 1 1.05 1 11 0 0  F
65 1 0 0 0 0 0 0 0 0 0 0 0 0 0 0 1 145 1 0.2 1 16 1 0.94 1 17 0 0  F
88 1 0 0 0 0 0 0 0 0 1 0 0 0 0 0 1 7.9 1 1.9 1 47 1 1.07 1 44 0 0  F
73 1 0 0 0 0 0 0 0 0 0 0 0 0 0 0 1 19 1 2.3 1 66 1 1.09 1 61 0 0 H
42 1 0 0 0 0 0 0 0 0 0 0 0 0 0 0 1 48 0 0 1 7.6 1 1.02 1 7.5 0 0  F
72 0 0 0 0 0 0 0 0 0 0 0 0 0 0 0 1 25 1 0.3 1 4.1 1 1.2 1 3.4 0 0  F
77 1 0 0 0 0 0 0 1 0 0 0 0 0 0 0 1 6.7 0 0 1 114 1 1.52 1 75 0 0  G
43 0 0 0 0 0 0 0 0 1 0 0 0 0 0 0 1 153 0 0 1 3 1 1.23 1 2.5 0 0  F
65 1 0 0 0 0 0 0 0 0 0 0 0 0 0 0 1 35 1 1.2 1 24 1 0.99 1 24 0 0  F
25 1 0 1 0 0 0 0 0 0 0 0 0 0 0 0 1 9.2 0 0 1 64 1 0.96 1 67 0 0  G
58 1 0 0 0 0 0 0 0 0 0 0 0 0 0 0 1 30 1 0.3 1 13 1 0.97 1 13 0 0 H
53 1 0 0 0 0 0 0 0 0 1 0 0 0 0 0 1 15.299999 1 1.5 1 44 1 0.98 1 45 0 0  F
24 1 0 0 0 0 0 0 0 0 0 0 0 0 0 0 1 430 1 0.4 1 6 1 1.04 1 6 0 0  F
65 1 0 0 0 0 0 0 0 0 0 0 0 0 0 0 1 213 1 0.9 1 43 1 0.95 1 45 0 0  F
24 0 0 0 0 0 0 0 0 0 0 0 0 0 0 0 1 37 0 0 1 47 1 0.95 1 49 0 0  F
43 0 0 0 0 0 0 0 0 1 0 0 0 0 0 0 1 216 0 0 1 4 1 1.28 1 3 0 0  F
59 1 0 0 0 0 0 0 0 0 1 0 0 0 0 0 1 47 1 1.9 1 79 1 1.13 1 70 0 0  G
32 1 0 0 0 0 0 0 0 0 0 0 0 0 0 1 1 17.4 1 1.9 1 90 1 1.21 1 74 0 0 H
25 1 0 0 0 0 0 0 0 0 1 0 0 0 0 0 1 6.7 0 0 1 114 1 1.19 1 96 0 0  G
35 1 0 0 0 0 0 0 0 0 0 0 0 0 0 0 1 14 1 0.2 1 4 1 0.98 1 4 0 0  F
57 1 0 0 0 0 0 0 0 0 1 0 0 0 0 0 1 6.7 1 1.8 1 91 1 0.94 1 97 0 0  G
35 1 0 0 0 0 0 0 0 0 0 0 0 0 0 0 1 35 1 0.3 1 4 0 0 0 0 0 0  F
62 0 0 0 0 0 0 0 0 0 0 0 0 0 0 0 1 65 1 0.7 1 22 1 1.03 1 21 0 0  F
55 0 0 0 0 0 0 0 0 0 0 0 0 0 0 0 1 24 1 0.6 1 21 1 0.97 1 22 0 0  F
55 0 0 0 0 0 0 0 0 0 0 0 0 0 0 0 1 11.4 1 2.1 1 96 1 0.88 1 109 0 0  G
66 0 0 0 0 0 0 0 0 0 0 0 0 0 0 0 1 11 1 1.4 1 68 1 0.97 1 70 0 0  G
24 0 0 0 0 0 0 0 0 0 0 0 0 0 0 0 1 400 1 0.2 1 4 1 1 1 4 0 0  F
62 0 0 0 0 0 0 0 0 0 0 0 0 0 0 0 1 80 1 0.4 1 42 1 0.8 1 53 0 0  F
62 1 1 0 0 0 0 0 0 1 0 0 0 0 0 0 1 260 1 0.05 1 4 1 1.27 1 3 0 0  F
26 1 0 0 0 0 0 0 0 0 1 0 0 0 0 0 1 6.6 1 1.7 1 96 1 0.99 1 97 0 0  G
53 0 0 0 0 0 0 0 0 0 1 0 0 0 0 0 1 8.5 1 1.7 1 93 1 0.91 1 102 0 0  G
85 1 0 0 0 0 0 0 0 1 0 0 0 0 0 0 1 138 1 1.1 1 27 1 1.19 1 23 0 0  F
77 1 0 0 0 0 0 0 0 1 0 0 0 0 0 0 1 9.799999 1 1.4 1 134 1 1.09 1 123 0 0  G
68 1 0 0 0 0 0 0 0 0 0 0 0 0 0 0 1 56 1 0.6 1 23 1 1.01 1 22 0 0  F
58 0 0 0 0 0 0 0 0 0 0 0 0 0 0 0 1 8 1 1.3 1 83 1 0.85 1 98 0 0  G
85 1 0 0 0 0 0 0 0 1 0 0 0 0 0 0 1 44 1 2 1 38 1 1.03 1 37 0 0  F
65 1 0 0 0 0 0 0 0 1 0 0 0 0 0 0 1 10 1 1.1 0 0 0 0 0 0 0 0  F
62 0 0 0 0 0 0 0 0 0 0 0 0 0 0 0 1 54 1 0.6 1 41 1 0.78 1 52 0 0  F
42 1 0 1 0 0 0 0 0 0 0 0 0 0 0 0 1 6.6 0 0 1 89 1 0.95 1 94 0 0  G
32 0 0 0 0 0 0 0 0 0 0 0 0 0 0 0 1 150 1 0.4 1 16 1 0.95 1 17 0 0  F
41 1 0 0 0 0 0 0 0 0 0 0 0 0 0 0 1 53 1 0.4 1 9.7 1 1.46 1 6.6 0 0  F
62 1 0 0 0 0 0 0 0 0 0 0 0 0 0 0 1 31 1 2 1 65 1 1 1 65 0 0  G
79 1 0 0 0 0 0 0 0 1 0 0 0 0 0 0 1 200 1 0.4 1 10 1 1.19 1 9 0 0  F
79 1 0 0 0 0 0 0 0 0 0 0 0 0 0 0 1 19 1 1.3 1 69 1 0.99 1 70 0 0  G
70 1 0 0 0 0 0 0 0 0 0 0 0 0 0 0 1 6.3 1 1.3 1 125 1 1.07 1 117 0 0  G
43 0 0 0 0 0 0 0 1 0 0 0 0 0 0 0 1 16 1 1.9 1 63 1 1.08 1 57 0 0  F
70 1 0 0 0 0 0 0 0 0 0 0 0 0 0 0 1 7.5 1 1.4 1 57 0 0 0 0 0 0  F
31 0 0 0 0 0 0 0 0 0 0 0 0 0 0 0 1 14.299999 1 1.9 1 111 1 1.1 1 101 0 0  G
77 0 0 0 0 0 0 0 0 0 0 0 0 0 0 0 1 7.3 1 1.2 1 57 1 1.28 1 44 0 0  F
34 1 0 0 0 0 0 0 0 0 0 0 0 0 0 0 1 49 1 0.4 1 9 1 1.05 1 9 0 0  F
51 1 0 0 0 0 0 0 0 0 0 0 0 0 0 0 1 82 1 0.6 1 10 1 0.94 1 10 0 0  F
71 1 0 0 0 0 0 0 0 0 0 0 0 0 0 0 1 77 1 0.3 1 18 1 1.06 1 17 0 0  F
76 1 0 0 0 0 0 0 0 1 0 0 0 0 0 0 1 34 1 1.7 1 61 1 0.88 1 70 0 0  G
20 1 0 0 0 0 0 0 0 1 0 0 0 0 0 0 1 92 0 0 1 39 1 1.21 1 32 0 0  F
50 1 1 0 0 0 0 0 0 0 0 0 0 0 0 0 1 34 0 0 1 55 1 0.93 1 60 0 0  F
15 1 1 0 0 0 0 0 0 0 0 0 0 1 0 0 1 35 1 2 1 19 1 0.95 1 20 0 0  F
52 1 0 0 0 0 0 0 0 0 0 0 0 0 0 0 1 27 1 1.6 1 76 1 1.09 1 70 0 0  G
57 0 0 0 0 0 0 0 0 0 0 0 0 0 0 0 1 8.799999 1 1.8 1 86 0 0 0 0 0 0  G
65 1 0 0 0 0 0 0 0 0 0 0 0 0 0 0 1 8.099999 1 1.5 1 108 1 1.03 1 105 0 0  G
19 1 0 0 0 0 0 0 0 0 0 0 0 0 0 0 1 8 1 1.6 1 110 1 0.91 1 121 0 0  G
77 1 0 0 0 0 0 0 0 0 0 0 0 0 0 0 1 13.299999 1 2.5 1 68 1 1.03 1 66 0 0  G
70 1 0 0 0 0 0 0 0 1 0 0 0 0 0 0 1 14 1 1.6 1 68 0 0 1 78 0 0  G
78 1 0 0 0 0 0 0 0 0 0 0 0 0 0 0 1 28 1 0.2 1 17 1 1.01 1 16 0 0  F
48 1 0 0 0 0 0 0 0 0 0 0 0 0 0 0 1 125 1 0.2 1 11 1 1.06 1 11 0 0  F
67 0 0 0 0 0 0 0 0 0 0 0 0 0 0 0 1 18 1 1.7 1 72 1 0.82 1 88 0 0  G
79 1 0 0 0 0 0 0 0 0 0 0 0 0 0 0 1 15 1 1.3 1 50 1 0.91 1 55 0 0  F
62 0 1 0 0 0 0 0 0 1 0 0 0 0 0 0 1 39 1 1.3 1 45 1 0.82 1 55 0 0  F
39 0 0 0 0 0 0 0 0 0 0 0 0 0 0 0 1 8.799999 1 1.8 1 67 1 0.9 1 75 0 0  G
61 1 0 0 0 0 0 0 0 0 0 0 0 0 0 0 1 288 1 0.7 1 14 1 1.13 1 12 0 0  F
56 0 0 0 0 0 0 0 0 0 0 0 0 0 0 0 1 7.5 1 1.2 1 37 1 1.06 1 35 0 0  F
14 1 0 0 0 0 0 0 0 0 0 0 0 0 0 0 1 15 1 1.8 1 56 1 0.95 1 59 0 0  F
36 1 0 0 0 0 0 0 0 0 0 0 0 0 0 0 1 7.3 1 1.4 1 95 1 0.96 1 98 0 0  G
78 1 1 0 0 0 0 0 0 1 0 0 0 0 0 0 1 21 1 0.7 1 42 1 0.96 1 43 0 0  F
57 0 0 0 0 0 0 0 0 0 0 0 0 0 0 0 1 24 1 1.3 1 52 1 0.79 1 66 0 0  G
72 1 0 0 0 0 0 0 0 0 0 0 0 0 0 0 1 143 1 0.4 1 15 1 0.98 1 15 0 0  F
76 1 0 0 0 0 0 0 0 0 0 0 0 0 0 0 1 6.3 1 1.3 1 134 1 1.15 1 117 0 0  G
32 1 0 1 0 0 0 0 0 0 0 0 0 0 0 0 1 11 1 1.8 1 69 1 0.9 1 77 0 0  G
62 1 0 0 0 0 0 0 0 0 0 0 0 0 0 0 1 150 1 1.6 1 34 1 1.07 1 32 0 0  F
42 0 0 0 0 0 0 0 0 0 0 0 0 0 0 0 1 235 1 0.5 1 2 1 1.24 1 1.4 0 0  F
69 1 0 0 0 0 0 0 0 1 0 0 0 0 0 0 1 6.6 1 1.5 1 50 1 0.83 1 60 0 0  F
65 1 0 0 0 0 0 0 0 0 0 0 0 0 0 0 1 18 1 1.3 1 72 0 0 0 0 0 0  G
65 1 1 0 0 0 0 0 0 0 0 0 0 0 0 0 1 55 1 1 1 50 1 1.17 1 43 0 0  F
69 1 0 0 0 0 0 0 0 1 0 0 0 0 0 0 1 6.5 1 1.8 1 45 1 0.89 1 51 0 0  F
69 1 0 0 0 0 0 0 0 1 0 0 0 0 0 0 1 6.5 1 2.1 1 56 1 0.87 1 64 0 0  F
50 1 1 0 0 0 0 0 1 0 0 0 0 0 0 0 1 61 0 0 1 13 1 1.18 1 11 0 0  F
78 1 0 0 0 0 0 0 0 1 0 0 0 0 0 0 1 25 1 0.9 1 50 1 0.84 1 60 0 0  F
56 1 0 0 1 0 0 0 0 0 0 0 0 0 0 0 1 8.2 1 2 1 66 1 0.94 1 70 0 0  G
73 1 0 0 0 0 0 0 0 0 0 0 0 0 0 0 1 47 1 1.1 1 52 1 0.9 1 58 0 0  F
43 1 0 0 0 0 0 0 0 0 0 0 0 0 0 0 1 70 1 0.5 1 2.9 1 1.05 1 2.8 0 0  F
42 1 0 0 0 0 0 0 0 0 0 0 0 0 0 0 1 31 1 0.8 1 13 1 1.19 1 11 0 0  F
53 1 0 0 0 0 0 0 0 0 0 0 0 0 0 0 1 25 1 0.4 1 39 1 0.61 1 64 0 0  F
69 1 0 0 0 0 0 0 0 0 0 0 0 0 0 0 1 6.8 1 2.2 1 77 0 0 0 0 0 0  G
51 1 0 0 0 0 0 0 0 0 0 0 0 0 0 0 1 24 1 0.4 1 3 1 0.99 1 3 0 0  F
33 1 0 0 0 0 0 0 0 1 0 0 0 0 0 0 1 16 1 1.7 1 75 0 0 0 0 0 0  G
65 0 0 0 0 0 0 0 0 0 0 0 0 0 0 0 1 14.799999 1 1.5 1 61 1 0.85 1 72 0 0  G
68 0 0 0 0 0 0 0 0 0 0 0 0 0 0 0 1 26 1 0.3 1 6 1 0.8 1 7.6 0 0  F
37 1 0 0 0 0 0 0 0 0 0 0 0 0 0 0 1 18 1 1.5 1 98 1 0.88 1 112 0 0  G
78 1 0 0 0 0 0 0 0 0 0 0 0 0 0 0 1 10 1 2 1 69 1 0.96 1 71 0 0  G
40 1 0 0 0 0 0 0 0 0 0 0 0 0 0 0 1 42 1 0.2 1 4.8 1 0.9 1 5.4 0 0  F
60 1 0 0 0 0 0 0 0 0 0 0 0 0 0 0 1 8.099999 1 1.8 1 59 1 0.96 1 61 0 0  F
69 1 0 0 0 0 0 0 0 0 0 0 0 0 0 0 1 20 1 1 1 51 1 0.84 1 61 0 0  F
62 0 0 0 0 1 0 0 0 0 0 0 0 0 0 0 1 12 1 1.5 1 105 1 0.86 1 122 0 0  G
77 1 0 0 0 0 0 0 0 1 0 0 0 0 0 0 1 12 0 0 1 77 1 1.06 1 73 0 0  G
48 1 0 0 0 0 0 0 0 1 0 0 0 0 0 0 1 98 1 1.9 1 29 1 1.11 1 26 0 0  F
69 1 0 0 0 0 0 0 0 0 0 0 0 0 0 0 1 21 1 0.8 1 53 1 0.86 1 61 0 0  F
79 1 0 0 0 0 0 0 0 0 0 0 0 0 0 0 1 29 1 1.6 1 47 1 0.97 1 48 0 0  F
46 1 0 0 0 0 0 0 0 0 0 0 0 0 0 0 1 6.4 1 2.3 1 64 1 0.98 1 65 0 0  G
62 0 0 0 0 0 0 0 0 0 0 0 0 0 0 0 1 17 1 1.7 1 65 1 0.68 1 97 0 0  G
77 1 0 0 0 0 0 0 0 0 0 0 0 0 0 0 1 23 1 0.5 1 33 1 0.67 1 49 0 0  F
24 1 0 0 0 0 0 0 0 0 0 0 0 0 0 0 1 65 1 0.7 1 28 1 1 1 28 0 0  F
55 0 0 0 0 0 0 0 0 0 0 0 0 1 0 0 1 10 1 2.1 1 65 0 0 0 0 0 0  G
39 1 0 0 0 0 0 0 0 0 0 0 0 0 0 0 1 24 1 1.9 1 65 0 0 0 0 0 0  G
60 1 0 0 0 0 0 0 0 0 0 0 0 1 0 0 1 12 1 2.2 1 71 1 1.4 1 51 0 0  F
65 1 0 0 0 0 0 0 0 0 0 0 0 0 0 0 1 21 1 1.2 1 72 0 0 0 0 0 0  G
62 0 0 0 0 0 0 0 0 0 0 0 0 0 0 0 1 100 1 0.4 1 10 1 1 1 10 0 0  F
34 1 0 0 0 0 0 0 0 0 0 0 0 0 0 0 1 35 1 1.4 1 78 1 0.98 1 80 0 0  G
76 1 0 0 0 0 0 0 0 0 0 0 0 0 0 0 1 11 1 1.2 1 86 1 0.85 1 101 0 0  G
60 0 0 0 0 0 0 0 0 0 0 0 0 0 0 0 1 26 1 2 1 69 1 0.97 1 71 0 0  G
19 0 0 0 0 0 0 0 0 0 0 0 0 0 0 0 1 18.4 1 2 1 105 0 0 0 0 0 0  G
42 1 0 0 0 0 0 0 0 0 1 0 0 0 0 0 1 6.2 1 1.7 1 72 1 0.89 1 81 0 0  G
59 1 0 0 0 0 0 0 0 0 0 0 0 0 0 0 1 11 1 1.5 1 89 1 1.12 1 79 0 0  G
60 0 0 0 0 0 0 0 0 0 0 0 0 0 0 0 1 12 1 1.7 1 67 1 0.87 1 77 0 0  G
58 1 0 0 0 0 0 0 0 0 0 0 0 0 0 0 1 7.5 1 1.6 1 82 1 1.08 1 77 0 0  G
60 0 0 0 0 0 0 0 0 0 0 0 0 0 0 0 1 36 1 0.6 1 23 1 0.68 1 34 0 0  F
63 1 0 0 0 0 0 0 0 0 0 0 0 0 0 0 1 8.2 1 2.1 1 80 1 1.02 1 78 0 0  G
73 0 0 0 0 0 0 0 0 0 0 0 0 0 0 0 1 10 1 1 1 84 1 1.39 1 60 0 0  F
32 0 0 0 0 0 0 0 0 0 0 0 0 0 0 0 1 109 1 0.2 1 3 1 1.02 1 3 0 0  F
45 1 0 0 0 0 0 0 0 0 0 0 0 0 0 0 1 7.4 1 1.4 1 108 1 1.08 1 100 0 0  G
80 0 0 0 0 0 0 0 0 0 0 0 0 0 0 0 1 6.1 1 1.3 1 83 1 0.88 1 95 0 0  G
52 1 0 0 0 0 0 0 0 0 0 0 0 0 0 0 1 8.799999 1 2.3 1 106 1 1.25 1 85 0 0  G
79 1 0 0 0 0 0 0 0 0 0 0 0 0 0 0 1 17 1 1.6 1 66 1 1 1 65 0 0  G
26 1 0 0 0 0 0 0 0 0 0 0 0 1 0 0 1 6.2 0 0 1 86 1 0.9 1 95 0 0  G
75 1 0 0 0 0 0 0 0 0 0 0 0 0 0 0 1 9.599999 1 1.9 1 79 1 1 1 80 0 0  G
63 1 0 0 0 0 0 0 0 0 0 0 0 0 0 0 1 126 1 1.3 1 39 1 1.08 1 37 0 0  F
68 1 0 0 0 0 0 0 0 0 0 0 0 0 0 0 1 43 1 0.3 1 14 0 0 0 0 0 0  F
34 1 0 0 0 0 0 0 0 0 0 0 0 0 0 0 1 82 1 0.2 1 5.8 0 0 0 0 0 0  F
62 1 0 0 0 0 0 0 0 0 0 0 0 0 0 0 1 24 1 1.7 1 72 1 1.07 1 68 0 0  G
52 1 0 0 0 0 0 0 0 1 0 0 0 0 0 0 1 35 1 2.1 1 77 1 1.1 1 70 0 0  G
33 0 0 0 0 0 0 0 0 0 0 0 0 0 0 0 1 160 1 0.3 1 9.5 0 0 0 0 0 0  F
72 1 0 0 0 0 0 0 0 0 0 0 0 0 0 0 1 15 1 2.2 1 98 1 1.29 1 76 0 0  G
32 1 0 0 0 0 0 0 0 0 0 0 0 0 0 0 1 7.9 1 2.2 1 76 1 1.01 1 75 0 0 H
54 1 0 0 0 0 0 0 0 0 0 0 0 0 0 0 1 19 1 2.2 1 83 1 1.03 1 81 0 0 H
50 1 0 0 0 0 0 0 0 1 1 0 0 1 0 0 1 40 1 2.2 1 75 1 1.01 1 74 0 0  G
55 0 0 0 0 0 0 0 0 0 0 0 0 0 0 0 1 6.1 1 2.3 1 88 1 0.91 1 97 0 0  G
55 1 0 0 0 0 0 0 0 0 0 0 0 0 0 1 1 9.2 1 2.5 1 106 1 1.13 1 94 0 0 H
77 1 0 0 0 0 0 0 0 1 0 0 0 0 0 0 1 36 0 0 1 82 1 1.02 1 81 0 0  G
60 1 0 0 0 0 0 0 0 1 0 0 0 0 0 0 1 183 1 1.1 1 45 1 0.97 1 46 0 0  F
74 1 0 0 0 0 0 0 0 0 0 0 0 0 0 0 1 9.099999 1 2 1 72 1 0.9 1 80 0 0  G
59 0 0 0 0 0 0 0 0 0 0 0 0 0 0 0 1 12 1 1.5 1 88 1 0.98 1 90 0 0  G
64 1 0 0 0 0 0 0 0 0 1 0 0 0 0 0 1 8.9 1 1.2 1 67 1 0.75 1 89 0 0  G
37 1 0 0 0 0 0 0 0 0 0 0 0 1 0 0 1 13 1 2.5 1 96 1 1.33 1 73 0 0  G
59 1 0 0 0 0 0 0 0 0 0 0 0 0 0 0 1 530 1 2 1 10 1 1.12 1 8.5 0 0  F
34 1 0 0 0 0 0 0 0 0 0 0 0 0 0 0 1 6.8 1 2.4 1 96 1 1.06 1 90 0 0  G
58 1 0 0 0 0 0 0 0 1 0 0 0 0 0 0 1 18 1 2.1 1 68 1 1.08 1 63 0 0  F
53 0 0 0 0 0 0 0 0 0 0 0 0 0 0 0 1 12 1 2 0 0 0 0 0 0 0 0  G
45 1 0 0 0 0 0 0 0 0 0 0 0 0 0 0 1 15 1 2.1 1 83 1 1.24 1 67 0 0  G
2 1 0 0 0 0 0 0 0 0 0 0 0 0 0 0 1 6.7 0 0 0 0 0 0 0 0 0 0  F
48 1 1 0 0 0 0 0 0 1 0 0 0 0 0 0 1 178 1 1 1 63 1 1.08 1 59 0 0  F
53 1 0 0 0 0 0 0 0 0 0 0 0 0 0 0 1 165 1 0.4 1 17 1 1.19 1 14 0 0  F
28 1 0 0 0 0 0 0 0 0 0 0 0 0 0 0 1 54 1 2.1 1 50 1 1.1 1 46 0 0  F
63 1 0 0 0 0 0 0 0 0 0 0 0 0 0 0 1 8.2 1 2.1 1 80 1 1.01 1 79 0 0  G
28 1 0 0 0 0 0 0 0 0 0 0 0 1 0 0 1 35 1 2.3 1 42 1 1.01 1 41 0 0  F
59 1 0 0 0 1 0 0 0 0 0 0 0 0 0 0 1 7.1 1 1.9 1 98 1 1.11 1 88 0 0 H
70 1 0 0 0 0 0 0 0 0 0 0 0 0 0 0 1 6.2 1 1.8 1 124 1 1.11 1 112 0 0  G
25 0 0 0 0 0 0 0 0 0 0 0 0 0 0 0 1 8.799999 1 2.2 1 109 1 0.97 1 113 0 0  G
39 1 0 0 0 0 0 0 0 0 0 0 0 0 0 0 1 160 1 0.4 1 11 1 1.24 1 8.9 0 0  F
36 1 0 0 0 0 0 0 0 0 0 0 0 0 0 0 1 25 1 0.3 1 10 1 1.18 1 8.4 0 0  F
1 0 0 0 0 0 0 0 0 0 0 0 0 0 0 0 1 43 0 0 0 0 0 0 0 0 0 0  F
18 1 0 0 0 0 0 0 0 0 0 0 0 0 0 0 1 440 1 0.5 1 24 1 1.32 1 18 0 0  F
53 1 0 0 0 0 0 0 0 0 0 0 0 0 0 0 1 8.099999 1 2.4 1 132 1 1.28 1 103 0 0  G
45 0 0 0 0 0 0 0 0 0 0 0 0 0 0 0 1 6.3 1 2 1 119 1 1.04 1 114 0 0  G
19 0 0 0 0 0 0 0 0 1 0 0 0 0 0 0 1 9 1 2.2 1 117 0 0 0 0 0 0  G
51 1 0 0 0 0 0 0 0 0 0 0 0 0 0 0 1 12 1 1.5 1 106 1 0.92 1 115 0 0  G
62 1 0 0 0 0 0 0 0 1 0 0 0 0 0 0 1 8.599999 0 0 1 86 1 0.84 1 101 0 0  G
37 0 0 0 0 0 0 0 0 0 0 0 0 0 0 0 1 12 1 1.2 1 105 1 0.84 1 125 0 0  G
40 1 0 0 0 0 0 0 0 0 1 0 0 0 0 0 1 9.2 1 1.5 1 113 1 1.03 1 109 0 0  G
60 1 1 0 0 0 0 0 0 0 0 0 0 0 0 0 1 400 1 0.5 1 11 1 1.19 1 9.099999 0 0  F
28 1 0 0 0 0 0 1 0 0 0 0 0 0 0 0 1 103 1 2.1 1 65 1 1.16 1 56 0 0  F
30 1 0 0 0 0 0 0 0 0 0 0 0 0 0 0 1 8.5 1 2.1 1 91 1 1.16 1 79 0 0  G
63 0 0 0 0 0 0 0 0 0 0 0 0 0 0 0 1 7.4 1 2 1 120 1 1.02 1 117 0 0  G
74 1 0 0 0 0 0 0 0 1 0 0 0 0 0 0 1 23 1 0.2 1 50 1 0.85 1 58 0 0  F
42 1 0 0 0 0 0 0 0 0 0 0 0 0 0 0 1 7.2 1 2.1 1 123 1 1.18 1 104 0 0  G
33 1 0 0 0 0 0 0 0 1 0 0 0 0 0 0 1 10.299999 1 2 1 68 1 1.15 1 59 0 0 H
69 1 0 0 0 0 0 0 0 0 0 0 0 0 0 0 1 11.099999 1 1.3 1 88 1 1.06 1 83 0 0  G
68 1 0 0 0 0 0 0 0 1 0 0 0 0 0 0 1 12 1 1.4 1 111 1 1.2 1 93 0 0  G
24 1 0 0 0 0 0 0 0 0 0 0 0 0 0 0 1 10 1 2.5 1 110 1 1.17 1 94 0 0  G
61 0 0 0 0 0 0 0 0 0 0 0 0 0 0 0 1 6.2 1 1.2 1 83 1 0.82 1 101 0 0  G
63 0 0 0 0 0 0 0 0 0 0 0 0 0 0 0 1 7.7 1 1.9 1 89 1 1.04 1 85 0 0  G
70 0 0 0 0 0 0 0 0 0 0 0 0 0 0 0 1 86 1 0.5 1 27 1 0.84 1 32 0 0  F
44 0 0 0 0 0 0 0 0 0 0 0 0 0 0 0 1 199 1 0.6 1 10 1 1.03 1 10 0 0  F
1 0 0 0 0 0 0 0 0 0 0 0 0 0 0 0 1 8.799999 1 1.9 1 113 1 0.86 1 131 0 0  G
1 0 0 0 0 0 0 0 0 1 0 0 0 0 0 0 1 6.6 1 1.7 1 68 0 0 0 0 0 0  G
60 1 0 0 0 0 0 0 0 0 1 0 0 0 0 0 1 99 1 0.8 1 12 1 1.27 1 10 0 0  F
37 1 0 0 0 0 0 0 0 0 0 0 0 0 0 0 1 22 1 1.4 1 71 1 0.97 1 73 0 0  G
60 1 0 0 0 0 0 0 0 0 0 0 0 0 0 0 1 18 1 1.5 1 66 1 1 1 66 0 0  G
56 1 0 0 0 0 0 0 0 0 0 0 0 0 0 0 1 7.9 1 1.2 1 73 1 0.8 1 91 0 0  G
48 1 0 0 0 0 0 0 0 0 0 0 0 0 0 0 1 7.1 1 1.4 1 88 1 0.93 1 95 0 0  G
55 1 0 0 0 0 0 0 0 0 0 0 0 0 0 0 1 11 1 1.5 1 144 1 1.24 1 116 0 0  G
44 0 0 0 0 0 0 0 0 0 0 0 0 0 0 0 1 16 0 0 1 87 1 0.91 1 95 0 0  G
84 1 0 0 0 0 0 0 0 0 0 0 0 0 0 0 1 34 1 0.7 1 52 1 1.11 1 47 0 0  F
60 1 0 0 0 0 0 0 0 0 0 0 0 0 0 0 1 27 1 1.8 1 65 1 0.99 1 66 0 0  G
71 1 0 0 0 0 0 0 0 0 0 0 0 0 0 0 1 6.7 1 1.9 1 91 1 1.03 1 89 0 0  G
18 1 0 0 0 0 0 0 0 0 0 0 0 0 0 1 1 12 1 2.2 1 94 1 0.96 1 98 0 0  G
68 1 0 0 0 0 0 0 0 0 1 0 0 0 0 0 1 20 1 2.5 1 111 1 1.57 1 71 0 0  G
68 1 0 0 0 0 0 0 0 0 0 0 0 0 0 0 1 16 1 1.4 1 68 1 1.01 1 67 0 0  G
76 1 0 0 0 0 0 0 0 0 0 0 0 0 0 0 1 27 1 2.3 1 135 1 1.54 1 88 0 0  G
50 1 0 0 0 0 0 0 0 0 0 0 0 0 0 0 1 58 1 2.4 1 25 1 1.21 1 20 0 0  F
15 1 1 0 0 0 0 0 0 0 0 0 0 0 0 0 1 145 1 1.7 1 19 1 1.13 1 17 0 0  F
28 1 0 1 0 0 0 0 0 0 0 0 0 0 0 0 1 9.4 1 2.6 1 89 1 1.02 1 87 0 0  G
18 1 0 0 0 0 0 0 0 0 0 0 0 0 0 0 1 41 0 0 1 118 1 1.13 1 105 0 0  G
61 1 0 0 0 1 0 0 0 0 0 0 0 0 0 0 1 11 1 1.2 1 83 1 1.01 1 82 0 0  G
25 1 0 0 0 1 0 0 0 1 0 0 0 0 0 0 1 8.9 1 1.7 1 62 1 0.75 1 83 0 0 H
52 1 0 0 0 0 0 0 0 0 0 0 0 0 0 0 1 12 1 1.8 1 109 1 1.06 1 102 0 0  G
45 1 0 0 0 0 0 0 0 0 0 0 0 0 0 0 1 6.7 1 2.5 1 98 1 0.88 1 111 0 0  G
76 1 0 0 0 0 0 0 0 1 1 0 0 0 0 0 1 39 0 0 1 83 1 1.18 1 70 0 0  G
50 1 0 0 0 0 0 0 0 0 0 0 0 0 0 0 1 28 1 0.2 1 33 1 0.7 1 47 0 0  F
68 0 0 0 0 0 0 0 0 0 0 0 0 0 0 0 1 15 1 2 1 81 1 1.01 1 81 0 0  G
60 1 0 0 0 0 0 0 0 1 0 0 0 0 0 0 1 8.2 1 1.7 1 65 1 0.96 1 68 0 0  G
60 0 0 0 0 0 0 0 0 0 0 0 0 0 0 0 1 11 1 2.6 1 109 1 1.06 1 103 0 0 H
19 1 0 0 0 0 0 0 0 0 0 0 0 0 0 0 1 8.799999 1 2.7 1 108 1 1.11 1 97 0 0  G
50 0 0 0 0 0 0 0 0 0 0 0 0 0 0 0 1 80 1 1.4 1 41 1 1.14 1 36 0 0  F
68 1 0 0 0 0 0 0 0 0 1 0 0 0 0 0 1 42 1 0.2 1 18 1 1.09 1 16 0 0  F
71 0 1 0 0 0 0 0 0 1 0 0 0 0 0 0 1 25 1 0.3 1 31 1 0.68 1 46 0 0  F
50 1 0 0 0 0 0 0 0 0 0 0 0 0 0 0 1 117 1 0.4 1 17 1 1.14 1 15 0 0  F
68 1 0 0 0 0 0 0 0 0 0 0 0 0 0 0 1 24 1 1.3 1 84 1 0.82 1 102 0 0  G
50 1 0 0 0 0 0 0 0 0 0 0 0 0 0 0 1 89 1 0.2 1 10 1 1.13 1 9 0 0  F
50 1 0 0 0 0 0 0 0 0 0 0 0 0 0 0 1 7.6 1 1.7 1 128 1 1.08 1 118 0 0  G
71 0 0 0 0 0 0 0 0 1 0 0 0 0 0 0 1 38 1 0.4 1 37 1 0.74 1 50 0 0  F
39 1 0 0 0 0 0 0 0 0 0 0 0 0 0 0 1 43 1 1.6 1 63 1 0.84 1 75 0 0  G
69 1 0 0 0 0 0 0 0 0 0 0 0 0 0 0 1 6.2 1 1.9 1 89 1 0.94 1 95 0 0  G
44 0 0 0 0 0 0 0 0 0 0 0 0 0 0 0 1 41 1 1.5 1 48 1 1.17 1 41 0 0  F
70 1 0 0 0 0 0 0 0 0 0 0 0 0 0 0 1 34 1 1.5 1 88 1 1.06 1 83 0 0  G
57 1 0 0 0 0 0 0 0 0 0 0 0 0 0 0 1 9.099999 0 0 1 101 1 1.12 1 90 0 0  G
35 1 0 0 0 0 0 0 0 1 0 0 0 0 0 0 1 31 1 2.6 1 46 1 1 1 46 0 0  F
50 0 0 0 0 0 0 0 0 0 0 0 0 0 0 0 1 151 1 1 1 32 1 1.16 1 28 0 0  F
62 1 0 0 0 0 0 0 0 0 0 0 0 0 0 0 1 6.6 1 2.2 1 99 1 1.16 1 85 0 0  G
60 0 0 0 0 0 0 0 0 0 0 0 0 0 0 0 1 98 1 0.4 1 5.8 1 0.8 1 7 0 0  F
74 1 0 0 0 0 0 0 0 0 0 0 0 0 0 0 1 6.3 1 1.7 1 146 1 1.22 1 119 0 0  G
67 1 0 0 0 0 0 0 0 0 0 0 0 0 0 0 1 51 1 0.4 1 12 1 1.26 1 10 0 0  F
44 0 0 0 0 0 0 0 0 0 0 0 0 0 0 0 1 45 1 1.4 1 39 1 1.16 1 33 0 0  F
28 1 0 0 0 0 0 0 0 0 0 0 0 0 0 0 1 139 1 0.9 1 36 1 0.9 1 40 0 0  F
35 0 0 0 0 0 0 0 0 0 0 0 0 0 0 0 1 28 1 2.5 0 0 0 0 0 0 0 0  G
43 1 0 0 0 0 0 0 0 1 0 0 0 0 0 1 1 6.5 1 1.8 1 60 1 0.89 1 67 0 0 H
53 1 0 0 0 0 0 0 0 0 0 0 0 0 0 0 1 183 1 1.4 1 14 1 1.31 1 11 0 0  F
74 1 0 0 0 0 0 0 1 0 0 0 0 0 0 0 1 6.9 0 0 1 97 1 0.87 1 112 0 0  G
42 1 0 0 0 0 0 0 0 0 0 0 0 0 0 0 1 6.1 1 2.2 1 74 0 0 0 0 0 0  G
73 0 0 0 0 0 0 0 0 0 0 0 0 0 0 0 1 8 1 1.3 1 101 1 0.93 1 108 0 0  G
65 0 0 0 0 0 0 0 0 0 0 0 0 0 0 0 1 10 1 2 1 78 0 0 0 0 0 0  G
68 1 0 0 0 0 0 0 0 0 0 0 0 0 0 0 1 28 1 1.8 1 72 1 0.87 1 82 0 0  G
59 1 0 0 0 0 0 0 0 0 0 0 0 0 0 0 1 7.1 1 2.1 1 79 1 0.96 1 83 0 0  G
76 0 0 0 0 0 0 0 0 0 0 0 0 0 0 0 1 7.5 1 2.1 1 89 1 1.14 1 78 0 0  G
68 0 0 0 0 0 0 0 0 0 0 0 0 0 0 0 1 55 1 0.6 1 15 1 0.89 1 17 0 0  F
61 1 0 0 0 0 0 0 0 0 1 0 0 0 0 0 1 6.4 1 2.4 1 141 1 1.26 1 112 0 0  G
60 1 0 0 0 0 0 0 0 0 0 0 0 0 0 0 1 151 1 1.4 1 42 1 1.06 1 39 0 0  F
32 0 0 0 0 0 0 0 0 0 0 0 0 0 0 1 1 8.099999 1 2.5 1 90 1 0.95 1 95 0 0 H
37 1 0 0 0 0 0 0 0 0 0 0 0 0 0 0 1 12 1 2.4 1 84 1 1.24 1 68 0 0  G
84 1 0 0 0 0 0 0 0 0 0 0 0 0 0 0 1 12 0 0 1 101 1 1.08 1 94 0 0  G
83 1 0 0 0 0 0 0 0 0 1 0 0 0 0 0 1 8.299999 1 2.1 1 104 1 1.06 1 97 0 0  G
2 0 0 0 0 0 0 0 0 0 0 0 0 0 0 0 1 472 1 1.7 1 34 1 1.17 1 29 0 0  F
27 1 0 0 0 0 0 0 0 0 0 0 0 0 0 0 1 15 1 1.6 1 82 1 0.82 1 100 0 0  G
60 1 0 0 0 0 0 0 0 1 0 0 0 0 0 0 1 8.9 0 0 1 75 1 0.97 1 77 0 0  G
77 1 0 0 0 0 0 0 0 0 0 0 0 0 0 0 1 6.2 1 1.2 1 89 1 0.74 1 121 0 0  G
34 0 0 0 0 0 0 0 0 0 0 0 0 1 0 0 1 7.8 1 2 1 95 1 0.99 1 96 0 0  G
47 1 0 0 0 0 0 0 0 0 0 0 0 0 0 0 1 11 1 2.6 1 91 0 0 0 0 0 0  G
75 1 0 0 0 0 0 0 0 0 0 0 0 0 0 0 1 10 1 1.6 1 90 1 0.89 1 101 0 0  G
51 1 0 0 0 0 0 0 0 1 0 0 0 0 0 0 1 58 0 0 1 77 1 1.11 1 69 0 0  G
61 1 0 0 0 0 0 0 0 0 0 0 0 0 0 0 1 6.2 1 2.3 1 118 1 1.3 1 91 0 0  G
35 1 0 0 0 0 0 0 0 0 1 0 0 0 0 0 1 230 1 1.5 1 36 1 1.34 1 27 0 0  F
19 1 0 0 0 0 0 0 0 0 0 0 0 0 0 0 1 9 0 0 1 95 1 0.87 1 110 0 0  G
36 1 0 0 0 0 0 0 0 0 0 0 0 0 0 0 1 22 1 0.2 1 4 1 1.01 1 4 0 0  F
59 1 0 0 0 0 0 0 1 0 0 0 0 0 0 0 1 9.7 0 0 1 81 1 0.96 1 84 0 0  G
29 1 0 0 0 0 0 1 0 0 0 0 0 0 0 0 1 24 0 0 1 63 1 1.2 1 53 0 0  F
55 0 0 0 0 0 0 0 0 0 0 0 0 0 0 0 1 60 1 0.7 1 14 1 1.11 1 13 0 0  F
28 1 0 0 0 0 0 0 0 0 0 0 0 0 0 0 1 47 1 0.2 1 2 1 0.84 1 2 0 0  F
42 1 0 0 0 0 0 0 0 0 0 0 0 0 0 0 1 13 1 1.9 1 61 1 0.82 1 74 0 0  G
40 1 0 0 0 0 0 0 0 0 0 0 0 0 0 0 1 7.2 1 2.3 1 111 1 0.99 1 112 0 0  G
26 1 0 1 0 0 0 0 0 0 0 0 0 0 0 0 1 9.2 1 1.6 1 104 1 1.12 1 93 0 0  G
7 0 0 0 0 0 0 0 0 0 0 0 0 0 0 0 1 15 0 0 1 137 1 1.03 1 133 0 0  G
68 1 0 0 0 0 0 0 0 1 0 0 0 0 0 0 1 19 0 0 1 93 1 1.2 1 77 0 0  G
42 0 0 0 0 0 0 0 0 0 0 0 0 0 0 0 1 6.8 1 1.2 1 44 1 0.87 1 51 0 0  F
63 0 0 0 0 0 0 0 0 0 0 0 0 0 0 0 1 108 1 0.4 1 14 1 0.98 1 14 0 0  F
55 1 0 0 0 0 0 0 0 0 0 0 0 0 0 0 1 9.2 1 1.8 1 87 1 1.04 1 84 0 0 H
31 1 0 0 0 0 0 0 0 0 0 0 0 0 0 0 1 188 1 1.3 1 63 1 1.19 1 53 0 0  F
71 0 0 0 0 0 0 0 0 0 0 0 0 0 0 0 1 8 0 0 1 66 1 0.66 1 100 0 0  G
7 1 0 0 0 0 0 0 0 0 0 0 0 0 0 0 1 7.3 1 1.6 1 64 1 0.97 1 66 0 0  G
60 0 1 0 0 0 0 0 0 1 0 0 0 0 0 0 1 30.5 1 1 1 32 1 0.63 1 51 0 0  F
67 1 0 0 0 0 0 0 0 0 0 0 0 0 0 0 1 46 1 1 1 48 1 0.98 1 49 0 0  F
84 1 0 0 0 0 0 0 0 0 0 0 0 0 0 0 1 17 0 0 1 35 1 0.83 1 42 0 0  F
25 1 0 0 0 0 0 0 0 0 0 0 0 0 0 0 1 468 1 0.7 1 21 1 1.1 1 19 0 0  F
59 1 0 0 0 0 0 0 0 0 0 0 0 0 0 0 1 11.4 0 0 1 99 1 0.97 1 102 0 0  G
65 0 0 0 0 0 0 0 0 0 0 0 0 0 0 0 1 103 1 1.3 1 31 0 0 0 0 0 0  F
62 1 0 0 0 0 0 0 0 0 0 0 0 0 0 0 1 13 0 0 1 75 1 1.35 1 55 0 0  F
52 0 0 0 0 0 0 0 0 0 0 0 0 0 0 0 1 9.2 1 2.2 1 72 1 1.08 1 66 0 0  G
67 1 0 0 0 0 0 0 0 0 0 0 0 0 0 0 1 52 1 1.2 1 65 1 0.92 1 71 0 0  G
86 1 0 0 0 0 0 0 0 0 0 0 0 0 0 0 1 13 0 0 1 87 1 0.92 1 94 0 0  G
68 0 0 0 0 1 0 0 0 0 0 0 0 0 0 0 1 6.7 1 1.4 1 101 0 0 0 0 0 0  G
37 1 0 0 0 0 0 0 1 0 0 0 0 0 0 0 1 25 0 0 1 71 1 1.04 1 68 0 0  G
71 1 0 0 0 0 0 0 0 1 0 0 0 0 0 0 1 9.4 1 1.4 1 77 1 0.89 1 87 0 0  G
54 0 0 0 0 0 0 0 0 0 1 0 0 0 0 0 1 16 1 1.5 1 60 1 0.78 1 77 0 0  G
65 1 0 0 0 0 0 0 0 1 0 0 0 0 0 0 1 12 0 0 1 99 1 1.14 1 87 0 0  G
25 1 0 0 0 0 0 0 0 0 0 0 0 0 0 0 1 26.4 1 2.3 1 73 1 1.09 1 67 0 0  G
83 1 0 0 0 0 0 0 0 0 0 0 0 0 0 0 1 7 0 0 1 71 1 0.78 1 90 0 0  G
83 0 0 0 0 0 0 0 0 0 0 0 0 0 0 0 1 19 0 0 1 148 1 1.11 1 134 0 0  G
28 1 0 0 0 0 0 0 0 0 0 0 0 0 0 0 1 7.1 1 1.7 1 96 1 0.89 1 108 0 0  G
65 1 0 0 0 0 0 0 0 0 0 0 0 0 0 0 1 55 1 0.7 1 15 1 1.08 1 14 0 0  F
40 1 0 0 0 0 0 0 0 0 0 0 0 1 0 0 1 12 1 2.1 1 81 1 1.09 1 74 0 0  G
29 1 0 0 0 0 0 0 0 0 0 0 0 0 0 0 1 7 0 0 1 112 1 1.08 1 103 0 0  G
74 0 0 0 0 0 0 0 0 0 0 0 0 0 0 0 1 22 1 1.2 1 71 1 1.11 1 64 0 0  F
25 0 0 0 0 0 0 0 0 0 0 0 0 0 0 0 1 236 1 0.2 1 16 1 0.94 1 17 0 0  F
63 0 0 0 0 0 0 0 0 0 0 0 0 0 0 0 1 33 1 1.5 1 128 0 0 0 0 0 0  G
40 0 0 0 0 0 0 0 0 0 0 0 0 0 0 0 1 34 1 1.7 1 78 1 0.9 1 87 0 0  G
28 1 0 0 0 0 0 0 0 0 0 0 0 0 0 0 1 6.1 1 2.2 1 136 1 1.24 1 110 0 0  G
79 1 0 0 0 0 0 0 0 0 0 0 0 0 0 0 1 6.8 0 0 1 144 1 1.29 1 111 0 0  G
23 1 0 0 0 0 0 0 0 0 1 1 0 0 0 0 1 7.9 1 2.2 1 104 1 1.07 1 97 0 0 H
50 0 0 0 0 0 0 0 0 0 1 0 0 0 0 0 1 13 1 1.3 1 86 1 0.87 1 99 0 0  G
18 1 1 0 0 0 0 0 0 0 0 0 0 0 0 0 1 478 0 0 1 45 1 1.3 1 34 0 0  F
55 1 0 0 0 0 0 0 0 0 0 0 0 0 0 0 1 9.299999 1 1.9 1 85 1 1.07 1 80 0 0 H
63 1 0 0 0 0 0 0 1 0 0 0 0 0 0 0 1 42 1 1.6 1 60 1 0.93 1 64 0 0  F
33 1 0 0 0 0 0 0 0 0 0 0 0 0 0 0 1 6.9 0 0 1 85 1 0.89 1 95 0 0  G
38 1 0 0 0 0 0 0 0 0 0 0 0 0 0 0 1 44 1 1.7 1 59 1 1.04 1 57 0 0  F
37 0 0 0 0 0 0 0 0 0 0 0 0 0 0 0 1 12 0 0 1 68 1 0.62 1 111 0 0  G
19 0 0 0 0 0 0 0 0 0 0 0 0 0 0 0 1 58 0 0 1 74 1 0.9 1 82 0 0  G
69 1 0 0 0 0 0 0 0 0 0 0 0 0 0 0 1 26 1 2 1 89 1 1.5 1 59 0 0  F
63 1 0 0 0 0 0 0 0 0 0 0 0 0 0 0 1 70 0 0 1 63 1 1.19 1 53 0 0  F
37 1 0 0 0 0 0 0 0 0 0 0 0 0 0 0 1 55 1 0.9 1 45 1 1.04 1 43 0 0  F
52 1 1 0 0 0 0 0 0 0 0 0 0 0 0 0 1 44 1 2.5 1 66 1 1.22 1 54 0 0  F
53 1 0 0 0 0 0 0 0 0 0 0 0 0 0 0 1 60 1 0.3 1 13 1 0.99 1 13 0 0  F
26 1 0 1 0 0 0 0 0 0 0 0 0 0 0 0 1 9.4 0 0 1 70 1 0.95 1 74 0 0  G
18 1 0 0 0 0 0 0 0 0 0 0 0 0 0 0 1 12 0 0 1 142 1 1.37 1 104 0 0  G
42 0 0 0 0 0 0 0 0 0 0 0 0 0 0 0 1 52 1 0.8 1 28 1 0.86 1 33 0 0  F
27 1 0 0 0 0 0 0 0 0 0 0 0 0 0 0 1 13 0 0 1 87 1 0.85 1 103 0 0  G
82 0 0 0 0 0 0 0 0 0 0 0 0 0 0 1 1 6.6 1 1.6 1 92 1 1 1 91 0 0 H
16 1 0 0 0 0 0 0 0 0 0 0 0 0 0 0 1 9.7 0 0 1 98 1 1.3 1 76 0 0  G
16 1 0 0 0 0 0 0 0 1 0 0 0 0 0 0 1 6.2 0 0 1 108 1 1.14 1 94 0 0  G
88 1 0 0 0 0 0 0 0 0 0 0 0 0 0 0 1 13 0 0 1 123 1 0.99 1 124 0 0  G
61 1 0 0 0 0 0 0 0 0 0 0 0 0 0 0 1 6.9 0 0 1 126 1 1.36 1 93 0 0  G
40 1 0 0 0 0 0 0 0 0 0 0 0 0 0 0 1 12 0 0 1 97 1 1.01 1 97 0 0  G
34 1 0 0 0 0 0 0 0 0 0 0 0 0 0 0 1 6.2 0 0 1 116 1 1.13 1 103 0 0  G
76 1 0 0 0 0 0 0 0 0 0 0 0 0 0 0 1 11 1 0.8 1 60 1 1.04 1 58 0 0  F
29 1 0 0 0 0 0 0 0 0 0 0 0 0 0 0 1 6.1 1 2.8 1 111 1 1.31 1 85 0 0  G
45 0 0 0 0 0 0 0 0 0 0 0 0 0 0 0 1 61 1 0.6 1 23 1 0.87 1 26 0 0  F
59 1 0 0 0 0 0 0 0 0 0 0 0 0 0 0 1 7.7 1 1.8 1 111 1 1.07 1 104 0 0  G
56 1 0 0 0 0 0 0 0 0 0 0 0 0 0 0 1 27 0 0 1 74 1 1.01 1 74 0 0  G
38 1 0 0 0 0 0 0 0 0 0 0 0 0 0 0 1 19 1 1.2 1 102 0 0 0 0 0 0  G
63 1 0 0 0 0 0 0 0 0 0 0 0 0 0 0 1 33 1 1.9 1 65 1 0.94 1 70 0 0  G
77 1 0 0 0 0 0 0 0 0 1 0 0 0 0 0 1 12 1 1.7 1 123 1 1.03 1 120 0 0  G
61 1 0 0 0 1 0 0 0 0 0 0 0 0 0 0 1 29 1 1.5 1 61 1 0.96 1 64 0 0  F
16 1 1 0 0 0 0 0 0 0 0 0 0 1 0 0 1 29 1 1.9 1 58 1 1.03 1 56 0 0  F
85 1 0 0 0 0 0 0 0 0 0 0 0 0 0 0 1 114 1 0.3 1 24 1 0.61 1 39 0 0  F
75 0 0 0 0 0 0 0 0 0 0 0 0 0 0 0 1 49 1 0.3 1 5 1 1.17 1 4 0 0  F
43 1 0 0 0 0 0 0 0 0 0 0 0 0 0 0 1 8.299999 1 1.9 1 95 1 1.17 1 81 0 0  G
65 1 0 0 0 0 0 0 0 0 0 0 0 0 0 0 1 7 0 0 1 116 1 0.9 1 128 0 0  G
85 1 0 0 0 0 0 0 0 1 0 0 0 0 0 0 1 197 0 0 0 0 0 0 0 0 0 0  F
85 0 0 0 0 0 0 0 0 0 0 0 0 0 0 0 1 197 0 0 1 14 1 0.62 1 23 0 0  F
49 0 0 0 0 0 0 0 0 0 0 0 0 0 0 0 1 96 1 0.4 1 2.9 1 1.2 1 2.4 0 0  F
51 1 0 0 0 0 0 0 0 0 0 0 0 0 0 0 1 131 1 0.3 1 8.4 1 1.01 1 8.299999 0 0  F
29 1 0 1 0 0 0 0 0 1 0 0 0 0 0 0 1 20 0 0 1 79 1 1.16 1 68 0 0  G
64 1 0 0 0 0 0 0 0 0 0 0 0 0 0 0 1 8.2 1 1.4 1 127 1 1.11 1 114 0 0  G
72 1 1 0 0 0 0 0 0 0 0 0 0 0 0 0 1 85 1 0.6 1 22 1 1.11 1 20 0 0  F
39 1 0 0 0 1 0 0 0 0 0 0 0 0 0 0 1 7.1 0 0 1 106 1 0.94 1 114 0 0  G
61 1 0 0 0 0 0 0 0 0 0 0 0 0 0 0 1 29 1 2.4 1 58 1 0.98 1 59 0 0  F
21 1 0 0 0 0 0 0 0 1 0 0 0 0 0 0 1 11 1 1.4 1 82 1 0.99 1 83 0 0  G
53 1 0 0 0 0 0 0 0 0 0 0 0 0 0 0 1 31 1 2.6 0 0 0 0 0 0 0 0  G
40 1 0 0 0 0 0 0 0 0 0 0 0 0 0 0 1 6.7 0 0 1 87 1 0.87 1 100 0 0  G
76 1 0 0 0 0 0 0 0 0 0 0 0 0 0 0 1 24 0 0 1 74 1 0.84 1 88 0 0  G
59 0 0 0 0 0 0 0 0 0 0 0 0 0 0 0 1 42 1 0.2 1 14 1 1.17 1 12 0 0  F
54 1 0 0 0 0 0 0 0 1 0 0 0 0 0 0 1 7.2 0 0 1 74 1 0.88 1 84 0 0  G
70 0 0 0 0 0 0 0 0 0 0 0 0 0 0 0 1 6.7 0 0 1 117 1 1.04 1 113 0 0  G
73 1 0 0 0 0 0 0 0 0 0 0 0 0 0 0 1 6.1 1 1.4 1 82 1 0.85 1 97 0 0  G
40 1 0 0 0 0 0 0 0 0 0 0 0 0 0 0 1 6.1 0 0 1 139 1 1.35 1 103 0 0  G
66 1 0 0 0 0 0 0 0 1 0 0 0 0 0 0 1 20 0 0 1 42 1 0.98 1 43 0 0  F
65 1 0 0 0 0 0 0 0 1 0 0 0 0 0 0 1 8.2 1 1.6 1 96 0 0 0 0 0 0  G
51 0 0 0 0 0 0 0 0 0 0 0 0 0 0 0 1 106 1 0.4 1 10 1 1.11 1 8.7 0 0  F
41 0 0 0 0 0 0 0 0 0 0 0 0 0 0 0 1 8 1 1.5 1 72 0 0 0 0 0 0  G
77 1 0 0 1 0 0 0 0 0 0 0 0 0 0 0 1 6.2 1 1.6 1 109 0 0 0 0 0 0  G
67 1 0 0 0 0 0 0 1 0 0 0 0 0 0 0 1 6.9 0 0 1 82 1 0.91 1 90 0 0  G
57 1 0 0 0 0 0 0 0 0 0 0 0 0 0 0 1 7.7 0 0 1 63 1 0.81 1 79 0 0  G
73 0 0 0 0 0 0 0 0 0 0 0 0 0 0 0 1 37 0 0 1 86 1 0.82 1 105 0 0  G
76 0 0 0 0 0 0 0 0 0 0 0 0 0 0 0 1 8.2 0 0 1 125 1 0.81 1 153 0 0  G
80 1 0 0 0 0 0 0 0 0 0 0 0 0 0 0 1 172 0 0 1 29 1 0.84 1 35 0 0  F
42 1 0 0 0 0 0 0 0 1 0 0 0 0 0 0 1 114 1 0.8 1 4.06 1 1.06 1 3.84 0 0  F
25 1 0 0 0 0 0 0 1 0 0 0 0 0 0 0 1 34 0 0 1 14 1 1.03 1 13 0 0  F
28 1 0 0 0 0 0 0 0 0 0 0 0 0 0 0 1 11 0 0 1 106 1 0.97 1 110 0 0  G
66 1 0 0 0 0 0 0 0 1 1 0 0 0 0 0 1 48 1 0.4 1 12 1 1.35 1 9.099999 0 0  F
19 1 1 0 0 0 0 0 0 0 0 0 0 0 0 0 1 164 0 0 1 65 1 1.59 1 41 0 0  F
31 1 0 0 0 0 0 0 0 0 0 0 0 0 0 0 1 44 0 0 1 79 1 0.82 1 96 0 0  G
38 1 0 0 0 0 0 0 0 0 0 0 0 0 0 0 1 7.5 0 0 1 76 1 0.95 1 80 0 0  G
51 0 0 0 1 0 0 0 0 0 1 0 0 0 0 0 1 19 1 1.9 1 92 1 0.84 1 110 0 0  G
39 1 0 0 0 0 0 0 0 0 1 0 0 0 0 0 1 8.9 1 1.7 1 97 1 0.88 1 111 0 0  G
46 1 0 0 0 0 0 0 0 0 1 0 0 0 0 0 1 35 1 1.2 1 16 1 0.86 1 19 0 0  F
46 1 0 0 0 0 0 0 0 0 0 0 0 0 0 0 1 8 0 0 1 88 1 0.99 1 89 0 0  G
89 1 0 0 0 0 0 0 0 1 0 0 0 0 0 0 1 14 0 0 0 0 0 0 0 0 0 0  F
67 1 0 0 0 0 0 0 0 1 0 0 0 0 0 0 1 44 0 0 1 31 1 1.04 1 29 0 0  F
77 1 0 0 0 0 0 0 0 0 0 0 0 0 0 0 1 6.6 1 1.3 1 146 1 1.06 1 137 0 0 H
66 1 0 0 0 0 0 0 0 1 0 0 0 0 0 0 1 48 1 0.5 1 4.2 1 1.36 1 3.1 0 0  F
80 1 0 0 0 0 0 0 0 0 0 0 0 0 0 0 1 8.299999 0 0 1 115 1 0.86 1 134 0 0  G
44 1 0 0 0 0 0 0 0 0 0 0 0 0 0 0 1 28 0 0 1 85 1 1.01 1 84 0 0  G
58 1 0 0 0 0 0 0 0 0 0 0 0 0 0 0 1 28 0 0 1 86 1 1.02 1 84 0 0  G
52 1 0 0 0 0 0 0 0 0 0 0 0 0 0 0 1 25 0 0 1 33 1 0.96 1 34 0 0  F
57 1 0 0 0 0 0 0 0 0 0 0 0 0 0 1 1 11 1 2.1 1 75 1 1.01 1 74 0 0 H
77 1 0 0 0 0 0 0 0 0 0 0 0 0 0 0 1 141 1 0.05 1 3 1 1.06 1 3 0 0  F
59 1 0 0 0 0 0 0 0 0 0 0 0 0 0 0 1 7 0 0 1 77 1 0.98 1 78 0 0  G
62 0 0 0 0 0 0 0 0 0 0 0 0 0 0 0 1 21 1 1.4 1 88 1 0.77 1 115 0 0  G
82 1 0 0 0 0 0 0 0 0 0 0 0 0 0 0 1 6.2 1 1.5 1 99 1 0.9 1 110 0 0 H
57 0 0 0 0 0 0 0 0 1 0 0 0 0 0 0 1 11 1 2.1 1 134 0 0 0 0 0 0  G
78 0 0 0 0 0 0 0 0 0 0 0 0 0 0 0 1 29 1 2.2 1 103 1 0.9 1 114 1 30  G
66 0 0 0 0 0 0 0 0 0 0 0 0 0 0 0 1 7.5 1 1.7 1 127 1 0.97 1 131 0 0  G
74 1 0 0 0 0 0 0 0 0 0 0 0 0 0 0 1 13 1 1.6 1 128 1 1.01 1 127 0 0  G
57 1 0 0 0 0 0 0 0 0 0 0 0 0 0 0 1 13 1 1.2 1 108 1 0.9 1 120 0 0  G
54 1 0 0 0 0 0 0 0 1 0 0 0 0 0 0 1 10 1 2.2 1 81 1 1.09 1 74 0 0  G
73 1 0 0 0 0 0 0 0 1 0 0 0 0 0 0 1 6.4 0 0 1 97 1 0.87 1 112 0 0  G
52 0 0 0 0 0 0 0 0 0 0 0 0 0 0 0 1 7.7 1 2.6 1 57 1 0.94 1 61 0 0  F
58 0 0 0 0 0 0 0 0 0 0 0 0 0 0 0 1 20 0 0 1 60 1 0.95 1 63 0 0  F
51 0 0 0 0 0 0 0 0 0 0 0 0 0 0 0 1 34 0 0 1 123 1 1.07 1 115 0 0  G
63 0 0 0 0 0 0 0 0 1 0 0 0 0 0 0 1 6.7 1 1.5 1 101 1 0.65 1 155 0 0  G
72 1 0 0 0 0 0 0 0 0 0 0 0 0 0 0 1 17 1 2.7 1 90 1 0.74 1 122 0 0  G
45 1 0 0 0 0 0 0 0 0 0 0 0 0 0 0 1 9.299999 1 1.5 1 57 1 0.69 1 83 0 0  G
81 1 0 0 0 0 0 0 0 0 0 0 0 0 0 0 1 6.2 0 0 1 98 1 0.84 1 117 0 0  G
73 1 0 0 0 0 0 0 0 0 1 0 0 0 0 0 1 17 1 1.7 1 112 1 1.16 1 97 0 0  G
45 1 0 0 0 0 0 0 0 0 1 0 0 0 0 0 1 22 0 0 1 65 1 1.15 1 57 0 0  F
66 0 0 0 0 0 0 0 0 0 0 0 0 0 0 0 1 7.1 1 2.3 1 90 1 0.98 1 92 0 0 H
48 1 0 0 0 0 0 0 0 0 0 0 0 0 0 0 1 73 1 2.3 1 87 1 1.12 1 78 0 0  G
33 0 0 0 0 0 0 0 0 0 0 1 0 0 0 0 1 12 1 1.5 1 86 1 1 1 86 0 0 H
54 1 0 0 0 0 0 0 0 0 0 0 0 0 0 0 1 436 0 0 1 12 1 1.01 1 12 0 0  F
61 0 0 0 0 0 0 0 0 0 0 0 0 0 0 0 1 20 0 0 1 104 0 0 0 0 0 0  G
76 1 0 0 1 0 0 0 0 0 0 0 0 0 0 0 1 33 1 2.4 1 64 1 1.16 1 55 0 0  F
26 1 0 0 0 0 0 0 0 1 0 0 0 0 0 0 1 6.5 1 2.3 1 101 1 1.14 1 89 0 0  G
61 1 0 0 0 0 0 0 0 0 0 0 0 0 0 0 1 8 0 0 1 76 1 0.95 1 80 0 0  G
71 1 1 0 0 0 0 0 0 0 0 0 0 0 0 0 1 29 0 0 1 57 1 1.08 1 53 0 0  F
70 1 0 0 0 0 0 0 0 0 0 0 0 0 0 0 1 14 0 0 1 123 1 1.11 1 111 0 0  G
49 0 0 0 0 0 0 0 0 0 0 0 0 0 0 0 1 10 0 0 1 111 1 0.85 1 131 0 0  G
59 1 0 0 0 0 0 0 0 1 0 0 0 0 0 0 1 11 1 1.6 1 120 0 0 0 0 0 0  G
54 1 0 0 0 0 0 0 0 1 0 0 0 0 0 0 1 6.5 1 1.9 1 88 1 1.02 1 86 0 0  G
82 1 0 0 0 0 0 0 0 0 0 0 0 0 0 1 1 73 1 1 1 25 1 0.99 1 25 0 0 H
59 0 0 0 0 0 0 0 0 0 1 0 0 0 0 0 1 7.8 0 0 1 89 1 0.85 1 105 0 0  G
33 0 0 0 0 0 0 0 0 0 0 0 0 0 0 0 1 6.5 1 1.2 1 90 1 0.86 1 105 0 0 H
58 1 0 0 0 0 0 0 0 0 0 1 0 0 0 0 1 6.4 1 2.3 1 85 1 1.06 1 80 0 0 H
60 1 0 0 0 0 0 0 0 0 0 0 0 0 0 0 1 8.099999 1 2.1 1 118 1 1.05 1 112 0 0  G
61 0 0 0 0 0 0 0 0 0 0 0 0 0 0 0 1 17 1 1.6 1 89 1 0.69 1 129 1 18  G
83 1 0 0 0 0 0 0 0 0 0 0 0 0 0 0 1 12 1 1.5 1 94 1 0.94 1 100 0 0  G
41 0 0 0 0 0 0 0 0 0 0 1 0 0 0 0 1 8.4 0 0 1 94 1 0.84 1 112 0 0 H
58 1 0 0 0 0 0 0 0 0 0 0 0 0 0 0 1 6.9 1 1.5 1 91 1 0.95 1 96 0 0  G
49 1 0 0 0 1 0 0 0 1 0 0 0 0 0 0 1 32 1 2.1 1 82 1 0.73 1 112 0 0 H
56 1 0 0 0 0 0 0 0 1 0 0 0 0 0 0 1 13 1 2.5 1 77 1 0.95 1 81 0 0  G
52 0 0 0 0 0 0 0 0 0 0 0 0 0 0 0 1 11.9 1 2.6 1 79 1 0.9 1 88 0 0  G
68 1 0 0 0 0 0 0 0 0 0 0 0 0 0 0 1 66 0 0 1 28 1 1.07 1 26 0 0  F
71 0 0 0 0 0 0 0 0 0 0 0 0 0 0 0 1 6.3 1 1.4 1 66 1 0.64 1 103 0 0  G
64 0 0 0 0 0 0 0 0 0 0 0 0 0 0 0 1 9.299999 1 2.5 1 92 0 0 0 0 0 0  G
46 0 0 0 0 0 0 0 0 0 0 0 0 0 0 0 1 27 1 2.5 1 91 1 0.87 1 105 1 28  G
81 1 0 0 0 0 0 0 0 0 0 0 0 0 0 0 1 494 1 0.5 1 12 1 1.39 1 9 0 0  F
53 1 0 0 0 0 0 0 0 0 0 0 0 0 0 0 1 16 0 0 1 107 1 1.35 1 79 0 0  G
74 1 0 0 0 0 0 0 0 1 0 0 0 0 0 0 1 22 1 2 1 89 1 1.1 1 81 0 0  G
52 1 0 0 0 0 0 1 1 0 0 0 0 0 0 0 1 62 0 0 1 2.5 1 1.19 1 2.5 0 0  F
75 1 0 0 0 0 0 0 0 0 0 0 0 0 0 0 1 6.6 1 1.4 1 115 1 0.94 1 122 0 0  G
48 1 0 0 0 0 0 0 0 0 1 0 0 0 0 0 1 6.6 1 1.5 1 111 1 0.86 1 129 0 0  G
33 1 0 0 0 0 0 0 0 0 0 0 0 0 0 0 1 393 0 0 1 15 1 1.17 1 13 0 0  F
73 1 0 0 0 0 0 0 0 0 0 0 0 0 0 0 1 15 1 2 1 80 1 0.83 1 96 0 0  G
62 1 0 0 0 0 0 0 0 0 0 0 0 0 0 0 1 58 0 0 1 36 1 1.01 1 36 0 0  F
59 1 0 0 0 0 0 0 0 0 0 0 0 0 0 0 1 6.8 1 1.9 1 90 1 0.98 1 92 0 0  G
62 1 0 0 0 0 0 0 0 0 0 0 0 0 0 0 1 7.9 1 1.8 1 93 0 0 0 0 0 0  G
76 1 0 0 0 0 0 0 0 0 0 0 0 0 0 0 1 9.299999 0 0 1 107 1 1.13 1 95 0 0  G
65 1 0 0 0 0 0 0 0 0 0 0 0 0 0 0 1 11 0 0 1 73 1 0.78 1 94 0 0  G
49 0 0 0 0 0 0 0 1 0 0 0 0 0 0 0 1 20 0 0 1 5 1 1 1 5 0 0  F
43 1 0 1 0 0 0 0 0 0 0 0 0 0 0 0 1 7.2 1 2.3 1 81 1 0.99 1 82 0 0  G
47 1 0 0 0 0 0 0 0 0 0 0 0 0 0 0 1 11 1 2.1 1 95 1 1.07 1 89 0 0  G
34 0 0 0 0 0 0 0 0 0 0 1 0 0 0 0 1 10 1 2.2 1 86 1 0.91 1 95 0 0 H
53 1 0 0 0 0 0 0 0 0 0 0 0 0 0 0 1 14 1 1.3 1 77 1 0.94 1 82 0 0  G
78 1 0 0 0 0 0 0 0 0 0 0 0 0 0 0 1 38 1 1.4 1 74 1 0.98 1 76 0 0 H
62 1 0 0 0 0 0 0 1 0 0 0 0 0 0 0 1 6.5 0 0 1 110 1 1.41 1 78 0 0  G
16 1 1 0 0 0 0 0 0 0 0 0 0 0 0 0 1 252 1 1.7 1 5 1 1.08 1 5 0 0  F
84 1 0 0 0 0 0 0 0 0 0 0 0 0 0 0 1 7.8 1 1.2 1 83 1 0.69 1 121 0 0  G
56 0 0 0 0 0 0 0 0 0 0 0 0 0 0 0 1 12 1 1.4 1 67 1 0.71 1 94 0 0  G
1 0 0 0 0 0 0 0 0 0 0 0 0 0 0 0 1 16 1 2.7 1 150 1 1.09 1 138 0 0  G
80 1 0 0 0 0 0 0 0 0 0 0 0 0 0 0 1 8.4 1 1.3 1 68 1 0.9 1 76 0 0  G
49 1 0 0 0 0 0 0 0 0 0 0 0 0 0 0 1 8.2 1 2.1 1 79 1 0.89 1 89 0 0  G
24 1 0 0 0 0 0 0 0 0 0 0 0 0 0 0 1 7.2 1 1.6 1 85 1 0.91 1 93 0 0  G
56 0 0 0 0 0 0 0 0 0 0 0 0 0 0 0 1 14 1 1.9 1 94 1 0.86 1 109 0 0  G
60 1 0 0 0 0 0 0 0 0 0 0 0 0 0 0 1 11 1 2.3 1 91 1 0.96 1 95 0 0  G
38 1 0 0 0 0 0 0 0 0 0 0 0 0 0 0 1 7.3 1 1.7 1 95 0 0 0 0 0 0  G
56 0 0 0 0 0 0 0 0 0 0 0 0 0 0 0 1 8.9 1 1.2 1 109 1 0.93 1 117 0 0  G
74 1 0 0 0 0 0 0 0 0 0 0 0 0 0 0 1 10 1 1.5 1 100 1 0.87 1 115 0 0  G
61 1 0 0 0 0 0 0 0 0 0 0 0 0 0 0 1 106 1 0.3 1 5 1 1.11 1 4.5 0 0  F
54 1 0 0 0 0 0 0 0 1 0 0 0 0 0 0 1 14 1 2 1 62 1 0.9 1 69 0 0  G
71 1 0 0 0 0 0 0 0 0 0 0 0 0 0 0 1 18 1 1.9 1 97 1 0.93 1 104 0 0  G
56 1 0 0 0 0 0 0 0 0 0 0 0 0 0 0 1 44 1 1.6 1 28 1 0.97 1 29 0 0  F
60 1 0 0 0 0 0 0 0 0 0 0 0 0 0 0 1 27 1 1.2 1 139 1 1.09 1 128 1 21  G
58 1 0 0 0 0 0 0 0 0 0 0 0 1 0 0 1 59 1 1.9 1 38 1 1.13 1 34 0 0  F
65 0 0 0 0 0 0 0 0 0 0 0 0 0 0 0 1 7.7 1 1.4 1 79 1 0.92 1 86 0 0  G
61 1 0 0 0 0 0 1 0 0 0 0 0 0 0 0 1 118 0 0 1 18 1 1.05 1 17 0 0  F
74 1 0 0 0 0 0 0 0 0 0 0 0 0 0 0 1 9.299999 1 2.4 1 117 1 1.07 1 108 0 0  G
91 1 0 0 0 1 0 0 0 0 0 0 0 0 0 0 1 11 0 0 1 82 1 0.88 1 93 0 0  G
87 1 0 0 0 0 0 0 0 1 0 0 0 0 0 0 1 176 0 0 1 52 1 1.23 1 42 0 0  F
32 1 0 0 0 0 0 0 0 0 0 0 0 0 0 0 1 16 1 1.6 1 62 1 0.88 1 71 0 0 H
61 1 0 0 0 0 0 0 0 0 0 0 0 0 0 0 1 7.8 0 0 1 72 1 0.93 1 77 0 0  G
70 1 0 0 0 0 0 0 0 0 0 0 0 0 0 0 1 20 0 0 1 72 1 0.96 1 75 0 0  G
35 1 0 0 0 0 0 0 0 0 0 0 0 0 0 0 1 31 0 0 1 67 1 0.92 1 73 0 0  G
78 1 0 0 0 0 0 0 0 0 0 0 0 0 0 0 1 191 1 0.8 1 5 1 1.03 1 4.85 0 0  F
40 0 0 0 0 0 0 0 0 0 0 0 0 0 0 0 1 73 0 0 1 43 1 0.87 1 49 0 0  F
66 0 0 0 0 0 0 0 0 0 0 0 0 0 0 0 1 12 1 2.2 1 96 0 0 0 0 0 0  G
61 1 0 0 0 0 0 0 0 0 0 0 0 0 0 0 1 65 0 0 1 51 1 1.05 1 49 0 0  F
83 1 0 0 0 0 0 0 0 0 0 0 0 0 0 0 1 170 0 0 1 29 1 1.03 1 28 0 0  F
71 1 0 0 0 0 0 0 0 0 1 0 0 0 0 0 1 9.9 1 1.8 1 89 1 0.99 1 90 0 0  G
76 1 0 0 0 0 0 0 0 0 0 0 0 0 0 0 1 12 1 1.5 1 126 1 0.95 1 133 0 0  G
21 0 0 0 0 0 0 0 0 0 0 0 0 0 0 0 1 22 1 1.5 1 107 1 0.91 1 118 0 0  G
1 0 0 0 0 0 0 0 0 0 1 0 0 0 0 0 1 6.5 0 0 1 133 1 1.26 1 106 0 0  G
33 1 0 0 0 0 0 0 0 1 0 0 0 0 0 0 1 41 0 0 1 95 1 1.02 1 93 0 0  G
33 1 0 0 0 0 0 0 0 0 0 0 0 1 0 0 1 6.7 0 0 1 90 1 1.02 1 88 0 0  G
73 1 0 0 0 0 0 0 0 0 1 0 0 0 0 0 1 7.3 1 2.1 1 139 1 1.15 1 121 0 0  G
58 1 0 0 0 0 0 0 0 0 0 0 0 0 0 0 1 6.4 0 0 1 117 1 1.04 1 113 0 0  G
55 1 0 0 0 0 0 0 0 0 0 1 0 0 0 0 1 7.2 0 0 1 106 1 0.83 1 128 0 0  G
66 0 0 0 0 0 0 0 0 0 0 0 0 0 0 0 1 8.9 0 0 1 119 1 1.19 1 100 0 0  G
21 0 0 0 0 0 0 0 0 0 0 0 0 0 0 0 1 8.5 1 1.6 1 112 1 0.91 1 123 0 0  G
66 1 0 0 0 0 0 0 0 0 0 0 0 0 0 0 1 7.8 0 0 1 77 1 0.76 1 101 0 0  G
31 1 1 0 0 0 0 0 0 0 0 0 0 0 0 0 1 166 1 0.6 1 32 1 1.04 1 31 0 0  F
64 1 0 0 0 0 0 0 0 0 0 0 0 0 0 0 1 6.2 1 2 1 73 1 1 1 73 0 0  G
63 1 0 0 0 0 0 0 0 0 0 0 0 0 0 0 1 7.3 0 0 1 142 1 1.26 1 113 0 0  G
48 1 0 0 0 0 0 0 0 0 0 0 0 1 0 0 1 20 1 2.8 1 74 0 0 0 0 0 0  G
26 1 0 0 0 0 0 0 0 0 0 0 0 0 0 0 1 460 1 0.5 1 22 1 1.38 1 16 0 0  F
72 1 0 0 0 0 0 0 0 1 0 0 0 0 0 0 0 0 1 1 1 16 1 1.1 1 15 0 0  E
72 1 0 0 0 0 0 0 0 1 0 0 0 0 0 0 1 192 0 0 0 0 0 0 0 0 0 0  F
87 1 0 0 0 0 0 0 0 0 0 0 0 0 0 0 1 14 0 0 1 89 1 1.01 1 88 0 0  G
61 1 0 0 0 0 0 0 0 1 0 0 0 0 0 0 1 109 1 1.3 1 44 1 0.98 1 45 0 0  F
56 1 0 0 0 0 0 0 0 0 0 0 0 0 0 0 1 15 1 2.1 1 133 1 0.97 1 137 0 0  G
34 0 0 0 0 0 0 0 0 0 0 0 0 0 0 0 1 11 0 0 1 69 1 0.96 1 72 0 0  G
24 1 0 0 0 0 0 0 0 1 0 0 0 0 0 0 1 11 1 1.9 1 92 1 0.84 1 110 0 0  G
80 1 0 0 0 0 0 0 0 0 0 0 0 0 0 0 1 6.1 0 0 1 116 1 0.94 1 123 0 0  G
71 1 0 0 0 0 0 0 0 0 0 0 0 0 0 0 1 11 1 1.3 1 81 1 0.91 1 89 0 0  G
59 1 0 0 0 0 0 0 0 0 0 0 0 0 0 0 1 47 0 0 1 19 1 0.94 1 20 0 0  F
54 1 0 0 0 0 0 0 0 1 0 0 0 0 0 0 1 40 1 1.9 1 48 1 0.79 1 61 0 0  F
67 1 0 0 0 0 0 0 0 0 0 0 0 0 0 0 1 8.099999 0 0 1 110 1 0.91 1 121 0 0  G
85 1 0 0 0 0 0 0 0 0 1 0 0 0 0 0 1 13 0 0 1 120 1 0.88 1 136 0 0  G
67 0 0 0 0 0 0 0 0 0 0 0 0 0 0 0 1 7.6 0 0 1 107 1 1.02 1 105 0 0  G
33 1 0 0 0 0 0 0 0 0 0 0 0 0 0 0 1 6.6 0 0 1 114 1 0.93 1 123 0 0  G
66 0 0 0 0 0 0 0 0 0 0 0 0 0 0 0 1 8.299999 0 0 1 94 1 0.95 1 99 0 0  G
56 1 0 0 0 0 0 0 0 0 1 0 0 0 0 0 1 65 0 0 1 49 1 0.95 1 52 0 0  F
60 0 0 0 0 0 0 0 0 0 0 0 0 0 0 0 1 7 0 0 1 96 1 0.93 1 103 0 0  G
86 1 0 0 0 0 0 0 0 0 0 0 0 0 0 0 1 6.7 1 1.6 1 121 1 0.88 1 138 0 0  G
65 0 0 0 0 1 0 0 0 0 0 0 0 0 0 0 1 23 0 0 1 78 1 0.92 1 85 0 0  G
26 0 0 0 0 0 0 0 1 0 0 0 0 0 0 0 1 198 0 0 1 5 1 0.95 1 5.5 0 0  F
64 1 0 0 0 0 0 0 0 1 0 0 0 0 0 0 1 38 1 1.2 1 60 1 1.03 1 58 0 0  F
21 1 0 0 0 0 0 0 0 0 0 0 0 0 0 0 1 9.5 1 2.1 1 140 1 1.49 1 94 0 0  G
41 1 0 0 0 0 0 0 0 0 0 0 0 0 0 0 1 7.3 0 0 1 127 1 0.9 1 141 0 0  G
69 0 0 0 0 0 0 0 0 1 0 0 0 0 0 0 1 24 0 0 1 75 1 0.84 1 89 0 0  G
59 1 0 0 0 0 0 0 0 0 0 0 0 0 0 0 1 73 0 0 1 43 1 0.85 1 51 0 0  F
62 1 0 0 0 0 0 0 0 1 0 0 0 0 0 0 1 7.5 0 0 1 81 1 1.03 1 79 0 0  G
63 1 0 0 0 1 0 0 0 0 0 0 0 0 0 0 1 22 0 0 1 88 1 1.1 1 80 0 0  G
59 1 0 0 0 0 0 0 0 0 0 0 0 0 0 0 1 13 0 0 1 64 1 0.97 1 66 0 0  G
72 1 0 0 0 0 0 0 0 0 1 0 0 0 0 0 1 13.7 0 0 1 67 1 0.75 1 89 0 0  G
31 1 0 0 0 0 0 0 0 0 0 0 0 0 0 0 1 20 1 2.5 1 58 1 1.07 1 54 0 0  F
80 1 0 0 0 0 0 0 0 0 0 0 0 0 0 0 1 18 1 2 1 76 1 1.08 1 70 0 0  G
31 1 1 0 0 0 0 0 0 0 0 0 0 0 0 0 1 49 0 0 1 87 1 1.35 1 64 0 0  F
54 1 0 0 0 0 0 0 0 1 0 0 0 0 0 0 1 22 1 1.5 1 52 1 0.84 1 62 0 0 H
68 0 0 0 0 0 0 0 0 0 0 0 0 0 0 0 1 9.4 0 0 1 34 1 0.63 1 54 0 0  F
56 0 0 0 0 0 0 0 0 0 0 0 0 0 0 0 1 74 1 0.5 1 5 1 0.93 1 5.5 0 0  F
85 1 0 0 0 0 0 0 0 0 1 0 0 0 0 0 1 32 0 0 1 55 1 0.89 1 62 0 0  F
66 1 0 0 0 0 0 0 0 0 0 0 0 0 0 0 1 53 1 1.6 1 113 1 1.29 1 88 0 0  G
59 1 1 0 0 0 0 0 0 0 0 0 0 0 0 0 1 30 1 1.1 1 45 1 0.91 1 49 0 0  F
78 1 0 0 0 0 0 0 0 0 0 0 0 0 0 0 1 6.3 0 0 1 59 1 0.98 1 60 0 0  F
58 1 0 0 0 0 0 0 0 0 0 0 0 0 0 0 1 20 0 0 1 39 1 1 1 39 0 0  F
19 1 0 0 0 0 0 0 0 0 0 0 0 0 0 0 1 500 1 0.5 1 5 1 1.19 1 4 0 0  F
61 1 0 0 0 0 0 0 0 0 0 0 0 0 0 0 1 9.099999 0 0 1 82 1 0.84 1 98 0 0  G
66 0 0 0 0 0 0 0 0 0 0 0 0 0 0 0 1 6.9 0 0 1 95 1 1.05 1 90 0 0  G
65 0 0 0 0 0 0 0 0 0 0 0 0 0 0 0 1 7.2 1 1.7 1 81 1 0.9 1 90 0 0  G
52 0 0 0 0 0 0 0 0 0 0 0 0 0 0 0 1 9.599999 1 1.2 1 126 1 0.9 1 140 0 0  G
71 1 0 0 0 0 0 0 0 1 0 0 0 0 0 0 1 23 1 1.8 1 87 1 0.96 1 91 0 0  G
72 1 0 0 0 0 0 0 0 0 0 0 0 0 0 0 1 21 0 0 1 60 1 1.17 1 51 0 0 H
69 1 0 0 0 0 0 0 0 0 0 0 0 0 0 0 1 6.9 0 0 1 109 1 1.03 1 106 0 0  G
51 1 0 0 0 0 0 0 0 0 0 0 0 0 0 0 1 106 1 0.6 1 5 1 0.89 1 5.5 0 0  F
66 1 0 0 0 0 0 0 0 0 0 0 0 0 0 0 1 85 1 1.8 1 118 1 1.27 1 93 0 0  G
51 1 0 0 0 0 0 0 0 0 0 0 0 0 0 0 1 59 1 0.2 1 13 0 0 0 0 0 0  F
73 1 0 0 0 0 0 0 0 1 0 0 0 0 0 0 1 78 0 0 1 57 1 0.97 1 59 0 0  F
68 1 0 0 0 0 0 0 0 0 0 0 0 0 0 0 1 20 0 0 1 63 1 1.01 1 62 0 0 H
63 1 1 0 0 0 0 0 0 0 0 0 0 0 0 0 1 11 0 0 1 57 1 1 1 57 0 0  F
75 1 0 0 0 0 0 0 0 0 0 0 0 0 0 0 1 17 1 1.4 1 104 1 1.15 1 90 0 0  G
74 1 0 0 0 1 0 0 0 0 0 0 0 0 0 0 1 53 1 1 1 49 1 1.25 1 39 0 0  F
76 0 0 0 0 0 0 0 0 0 0 0 0 0 0 0 1 7.4 0 0 1 122 1 0.94 1 130 0 0  G
15 1 0 0 0 0 0 0 0 0 1 0 0 0 0 0 1 12 0 0 1 92 1 0.96 1 96 0 0  G
75 1 1 0 0 0 0 0 0 1 0 0 0 0 0 0 1 18 0 0 1 54 1 1.03 1 53 0 0  F

